57
4006 0 2 222
4013 4 7 220
4023 4 0 222
4023 4 1 220
4023 4 2 212
4023 4 3 200
4040 0 2 222
4044 3 2 222
4048 4 4 020
4065 3 6 222
4066 3 6 222
4066 4 6 222
4070 0 1 202
4081 4 4 222
4083 4 5 222
4083 4 7 202
4085 0 0 222
4085 0 2 222
4085 0 3 221
4085 0 5 222
4085 0 6 222
4085 0 8 222
4087 0 6 222
4087 1 4 222 
4087 1 6 222 
4087 1 8 222 
4087 2 4 220 
4087 3 7 222 
4087 4 6 222 
4088 0 6 222
4089 0 4 222
4089 0 6 222
4089 2 7 222
4089 3 1 222
4090 0 1 22
4090 1 1 222
4090 1 6 222
4090 1 8 222
4090 2 3 222
4090 4 6 202
4091 0 7 222
4091 0 8 222
4091 1 4 200
4091 1 6 222
4091 2 0 202
4091 3 4 222
4091 3 6 222
4092 0 8 222
4092 1 1 222
4092 3 6 222
4092 4 2 222
4094 0 1 222
4094 0 2 222
4094 0 3 222
4094 0 4 222
4094 0 5 222
4095 4 1 202
