198
4002 4 2 222
4004 1 4 222
4005 0 2 222
4006 0 2 222
4006 4 0 100
4006 4 2 111
4008 3 5 110
4008 4 6 111
4010 3 0 222
4012 4 3 222
4013 4 7 221
4014 0 7 111
4016 3 0 111
4017 4 0 222
4018 3 0 111
4019 0 8 222
4019 2 7 111
4019 4 8 222
4020 1 2 222
4020 1 7 222
4023 2 5 222
4023 4 0 111
4023 4 1 111
4023 4 2 111
4023 4 3 111
4023 4 4 111
4023 4 5 111
4023 4 6 111
4023 4 7 111
4023 4 8 111
4024 4 8 111
4028 0 7 222
4028 3 6 111
4029 0 0 222
4031 2 1 222
4031 2 7 1
4031 4 2 222
4032 0 8 110
4032 4 1 222
4033 1 3 11
4035 4 8 222
4038 1 3 221
4038 2 4 222
4038 3 4 111
4039 2 6 111
4039 3 3 222
4040 0 2 222
4040 1 2 222
4040 3 2 222
4041 2 6 111
4042 0 8 111
4042 3 0 222
4043 0 1 202
4043 3 4 222
4044 3 2 222
4044 4 3 222
4045 4 4 111
4046 2 1 222
4046 3 1 111
4047 4 5 122
4048 1 8 222
4048 4 0 111
4065 1 6 222
4065 1 8 222
4065 2 8 222
4065 3 6 222
4065 1 7 222
4066 1 7 22
4066 3 6 222
4066 4 6 222
4068 1 3 222
4068 2 5 2
4069 1 2 111
4069 4 4 222
4070 0 0 222
4070 0 1 212
4070 0 2 222
4070 0 4 111
4070 0 7 222
4070 2 6 111
4071 3 8 111
4072 2 5 222
4072 3 1 221
4073 4 7 222
4075 4 5 111
4078 2 3 111
4081 0 1 222
4081 2 0 111
4081 4 4 222
4082 1 0 222
4082 2 1 222
4082 2 2 222
4082 4 0 222
4083 3 2 222
4083 3 3 222
4083 4 2 222
4083 4 3 222
4083 4 5 222
4083 4 7 212
4084 2 3 111
4084 2 7 222
4084 2 8 222
4084 3 5 222
4085 0 0 222
4085 0 1 222
4085 0 2 222
4085 0 3 221
4085 0 5 222
4085 0 6 111
4085 0 8 222
4086 0 1 222
4086 2 7 222
4087 0 1 1
4087 0 6 222
4087 1 4 222
4087 1 6 222
4087 1 8 222
4087 2 0 222
4087 2 3 212
4087 2 4 220
4087 2 6 222
4087 3 6 222
4087 3 7 222
4087 4 6 222
4087 4 7 222
4088 0 3 111
4088 0 6 222
4088 0 8 222
4088 1 6 222
4088 3 2 111
4088 4 7 111
4089 0 2 222
4089 0 4 222
4089 0 5 222
4089 0 6 111
4089 2 6 222
4089 2 7 222
4089 3 1 222
4090 0 1 122
4090 1 1 222
4090 1 3 222
4090 1 4 212
4090 1 6 222
4090 1 7 222
4090 1 8 222
4090 2 0 222
4090 2 1 111
4090 2 2 222
4090 2 3 222
4090 2 4 222
4090 2 7 222
4090 4 6 212
4090 4 7 111
4091 0 0 222
4091 0 5 222
4091 0 6 212
4091 0 7 222
4091 0 8 222
4091 1 4 211
4091 1 5 222
4091 1 6 222
4091 1 7 222
4091 2 0 212
4091 2 6 222
4091 3 4 222
4091 3 6 222
4092 0 2 212
4092 0 8 222
4092 1 0 221
4092 1 1 222
4092 1 2 222
4092 1 6 222
4092 1 7 222
4092 2 6 122
4092 3 6 222
4092 3 8 221
4092 4 2 222
4092 4 7 222
4093 0 1 111
4093 2 7 212
4094 0 0 111
4094 0 1 222
4094 0 2 222
4094 0 3 222
4094 0 4 222
4094 0 5 222
4094 1 8 222
4094 3 5 222
4094 3 6 222
4094 3 7 222
4094 3 8 222
4094 2 4 121
4095 2 2 222
4095 3 2 222
4095 4 1 212
4096 0 0 222
4096 1 0 222
4096 4 2 222
