 0  0  -503.45   -96.20  -195.743   0.0  0.0  0.0
 0  1  -503.53   -96.21  -147.483   0.0  0.0  0.0
 0  2  -502.98    96.26  -195.471   0.0  0.0  0.0
 1  0  -503.53   -96.21  -146.380   0.0  0.0  0.0
 1  1  -503.62   -96.22   -98.112   0.0  0.0  0.0
 1  2  -503.00    96.25  -146.141   0.0  0.0  0.0
 2  0  -503.62   -96.22   -97.012   0.0  0.0  0.0
 2  1  -503.70   -96.23   -48.752   0.0  0.0  0.0
 2  2  -503.02    96.24   -97.091   0.0  0.0  0.0
 3  0  -503.70   -96.23   -48.112   0.0  0.0  0.0
 3  1  -503.79   -96.24    -0.148   0.0  0.0  0.0
 3  2  -503.04    96.23   -48.201   0.0  0.0  0.0
 4  0  -503.53   -96.58     1.675   0.0  0.0  0.0
 4  1  -503.50   -96.57    49.935   0.0  0.0  0.0
 4  2  -502.96    95.88     2.278   0.0  0.0  0.0
 5  0  -503.50   -96.56    51.365   0.0  0.0  0.0
 5  1  -503.48   -96.56    99.625   0.0  0.0  0.0
 5  2  -502.96    95.90    51.328   0.0  0.0  0.0
 6  0  -503.48   -96.56   100.265   0.0  0.0  0.0
 6  1  -503.45   -96.56   148.525   0.0  0.0  0.0
 6  2  -502.97    95.90   100.228   0.0  0.0  0.0
 7  0  -503.45   -96.56   149.441   0.0  0.0  0.0
 7  1  -503.42   -96.55   197.701   0.0  0.0  0.0
 7  2  -502.98    95.90   149.630   0.0  0.0  0.0
 8  0  -428.43  -281.40   -47.955   0.0  0.0  0.0
 8  1  -428.44  -281.39    -0.305   0.0  0.0  0.0
 8  2  -502.46  -103.79   -47.632   0.0  0.0  0.0
 9  0  -428.16  -281.34     2.365   0.0  0.0  0.0
 9  1  -428.03  -281.28    50.625   0.0  0.0  0.0
 9  2  -502.34  -103.75     1.995   0.0  0.0  0.0
