   0	0	0	18.1951
   0	0	1	19.1132
   0	0	2	19.4537
   0	0	3	19.1701
   0	0	4	20.8396
   0	0	5	20.3445
   0	0	6	20.1396
   0	0	7	20.7798
   0	0	8	20.6196
   0	0	9	21.1874
   0	0	10	21.5887
   0	0	11	21.73
   0	0	12	21.694
   0	0	13	21.5629
   0	0	14	22.06
   0	0	15	21.9453
   0	1	0	18.5948
   0	1	1	19.2082
   0	1	2	17.8664
   0	1	3	17.8734
   0	1	4	17.9617
   0	1	5	18.4614
   0	1	6	18.6763
   0	1	7	18.5194
   0	1	8	20.7314
   0	1	9	21.0293
   0	1	10	21.3162
   0	1	11	20.5669
   0	1	12	20.7178
   0	1	13	21.148
   0	1	14	20.7695
   0	1	15	21.0484
   0	2	0	19.2766
   0	2	1	20.2497
   0	2	2	20.1243
   0	2	3	20.0517
   0	2	4	20.0437
   0	2	5	20.8729
   0	2	6	21.0224
   0	2	7	20.7599
   0	2	8	21.0271
   0	2	9	21.6876
   0	2	10	21.9048
   0	2	11	21.9436
   0	2	12	21.6209
   0	2	13	22.4024
   0	2	14	22.4776
   0	2	15	22.4124
   0	3	0	19.1019
   0	3	1	19.4958
   0	3	2	19.0011
   0	3	3	18.862
   0	3	4	18.8351
   0	3	5	19.9057
   0	3	6	19.7387
   0	3	7	19.7681
   0	3	8	20.9159
   0	3	9	21.3004
   0	3	10	21.0964
   0	3	11	21.3562
   0	3	12	20.9417
   0	3	13	21.4963
   0	3	14	21.4699
   0	3	15	21.6043
   0	4	0	20.5474
   0	4	1	20.7471
   0	4	2	20.7691
   0	4	3	20.4884
   0	4	4	20.4443
   0	4	5	21.4365
   0	4	6	21.2731
   0	4	7	21.3496
   0	4	8	20.9376
   0	4	9	22.1378
   0	4	10	22.5768
   0	4	11	21.6767
   0	4	12	22.0241
   0	4	13	22.1365
   0	4	14	21.4929
   0	4	15	21.5509
   0	5	0	20.7853
   0	5	1	21.1672
   0	5	2	21.3726
   0	5	3	21.1667
   0	5	4	20.6534
   0	5	5	20.9696
   0	5	6	21.1964
   0	5	7	20.8987
   0	5	8	22.7439
   0	5	9	22.7253
   0	5	10	22.8457
   0	5	11	22.8719
   0	5	12	22.3837
   0	5	13	22.9913
   0	5	14	22.957
   0	5	15	22.6169
   0	6	0	20.4114
   0	6	1	20.8865
   0	6	2	21.2161
   0	6	3	21.0465
   0	6	4	21.3135
   0	6	5	21.7342
   0	6	6	21.4533
   0	6	7	22.0058
   0	6	8	21.2648
   0	6	9	22.0131
   0	6	10	22.3208
   0	6	11	22.3763
   0	6	12	22.4247
   0	6	13	22.9271
   0	6	14	22.963
   0	6	15	22.9145
   0	7	0	21.2197
   0	7	1	20.6505
   0	7	2	21.0686
   0	7	3	20.8704
   0	7	4	20.6781
   0	7	5	21.3423
   0	7	6	21.0158
   0	7	7	20.974
   0	7	8	21.8844
   0	7	9	22.7956
   0	7	10	21.9397
   0	7	11	21.7168
   0	7	12	21.6017
   0	7	13	22.4251
   0	7	14	22.3327
   0	7	15	22.0364
   0	8	0	17.7117
   0	8	1	18.641
   0	8	2	18.6806
   0	8	3	18.9335
   0	8	4	18.9487
   0	8	5	19.3731
   0	8	6	19.5006
   0	8	7	19.6006
   0	8	8	19.8791
   0	8	9	20.4585
   0	8	10	20.7645
   0	8	11	20.3814
   0	8	12	21.3399
   0	8	13	21.4934
   0	8	14	21.9623
   0	8	15	21.6302
   0	9	0	18.8654
   0	9	1	19.3098
   0	9	2	18.0537
   0	9	3	18.1607
   0	9	4	17.9223
   0	9	5	18.5799
   0	9	6	18.4323
   0	9	7	18.3735
   0	9	8	20.5591
   0	9	9	21.1163
   0	9	10	20.9763
   0	9	11	20.4871
   0	9	12	20.0478
   0	9	13	20.6579
   0	9	14	20.2004
   0	9	15	19.8047
   0	10	0	19.9219
   0	10	1	20.1548
   0	10	2	20.8653
   0	10	3	20.326
   0	10	4	20.0751
   0	10	5	20.9958
   0	10	6	21.0624
   0	10	7	21.5783
   0	10	8	20.9531
   0	10	9	21.1843
   0	10	10	21.9225
   0	10	11	21.4762
   0	10	12	21.9443
   0	10	13	21.9785
   0	10	14	21.9441
   0	10	15	22.1904
   0	11	0	19.3763
   0	11	1	19.5383
   0	11	2	18.8862
   0	11	3	18.8518
   0	11	4	18.3979
   0	11	5	18.9551
   0	11	6	19.1661
   0	11	7	19.4039
   0	11	8	20.9199
   0	11	9	21.414
   0	11	10	21.0504
   0	11	11	20.8493
   0	11	12	20.7415
   0	11	13	21.4301
   0	11	14	21.6316
   0	11	15	21.6064
   0	12	0	20.7279
   0	12	1	21.1331
   0	12	2	21.0866
   0	12	3	20.87
   0	12	4	21.0095
   0	12	5	21.5196
   0	12	6	21.4528
   0	12	7	20.9177
   0	12	8	21.5827
   0	12	9	22.0489
   0	12	10	21.9805
   0	12	11	22.1232
   0	12	12	22.252
   0	12	13	22.5722
   0	12	14	22.6579
   0	12	15	22.2936
   0	13	0	20.8549
   0	13	1	21.3676
   0	13	2	21.4067
   0	13	3	20.964
   0	13	4	21.1703
   0	13	5	21.4895
   0	13	6	21.3374
   0	13	7	20.9613
   0	13	8	22.187
   0	13	9	23.6712
   0	13	10	22.058
   0	13	11	22.1667
   0	13	12	21.8464
   0	13	13	22.1752
   0	13	14	22.2737
   0	13	15	21.9446
   0	14	0	21.3323
   0	14	1	21.7084
   0	14	2	21.8343
   0	14	3	21.8694
   0	14	4	21.1679
   0	14	5	22.0391
   0	14	6	21.8534
   0	14	7	21.9504
   0	14	8	20.8184
   0	14	9	21.123
   0	14	10	21.8768
   0	14	11	22.0013
   0	14	12	21.8295
   0	14	13	22.504
   0	14	14	22.2867
   0	14	15	22.6474
   0	15	0	21.4967
   0	15	1	21.3071
   0	15	2	21.4479
   0	15	3	21.4065
   0	15	4	20.9281
   0	15	5	21.6119
   0	15	6	21.4945
   0	15	7	21.6288
   0	15	8	22.2515
   0	15	9	22.2839
   0	15	10	21.4606
   0	15	11	21.355
   0	15	12	22.0031
   0	15	13	22.2171
   0	15	14	22.1861
   0	15	15	21.9472
   1	0	0	20.696
   1	0	1	21.1266
   1	0	2	21.252
   1	0	3	21.0532
   1	0	4	20.5908
   1	0	5	21.2228
   1	0	6	20.8359
   1	0	7	20.9329
   1	0	8	21.8015
   1	0	9	22.3042
   1	0	10	21.9821
   1	0	11	21.8141
   1	0	12	22.1106
   1	0	13	22.4754
   1	0	14	22.7847
   1	0	15	22.7812
   1	1	0	20.6543
   1	1	1	21.278
   1	1	2	20.4346
   1	1	3	20.418
   1	1	4	20.167
   1	1	5	20.5283
   1	1	6	20.4676
   1	1	7	20.4333
   1	1	8	22.1975
   1	1	9	22.4436
   1	1	10	22.398
   1	1	11	22.2177
   1	1	12	21.3339
   1	1	13	22.3038
   1	1	14	21.7567
   1	1	15	21.6609
   1	2	0	20.3283
   1	2	1	20.8642
   1	2	2	21.2988
   1	2	3	20.972
   1	2	4	20.9225
   1	2	5	21.3094
   1	2	6	21.2701
   1	2	7	21.2881
   1	2	8	21.6749
   1	2	9	21.8899
   1	2	10	22.3999
   1	2	11	22.0308
   1	2	12	22.3208
   1	2	13	22.1552
   1	2	14	22.2746
   1	2	15	22.2682
   1	3	0	20.996
   1	3	1	21.2434
   1	3	2	20.9272
   1	3	3	21.0161
   1	3	4	21.0713
   1	3	5	21.6543
   1	3	6	21.7794
   1	3	7	21.7629
   1	3	8	21.638
   1	3	9	22.3785
   1	3	10	22.0228
   1	3	11	21.9828
   1	3	12	21.6541
   1	3	13	22.2431
   1	3	14	22.255
   1	3	15	22.258
   1	4	0	21.5238
   1	4	1	21.9306
   1	4	2	22.0883
   1	4	3	21.5908
   1	4	4	21.9024
   1	4	5	21.9066
   1	4	6	22.1936
   1	4	7	21.9775
   1	4	8	22.6032
   1	4	9	22.7384
   1	4	10	23.2542
   1	4	11	23.0608
   1	4	12	22.3853
   1	4	13	23.2652
   1	4	14	22.8429
   1	4	15	23.3034
   1	5	0	22.3658
   1	5	1	22.9645
   1	5	2	23.0784
   1	5	3	22.8686
   1	5	4	22.9357
   1	5	5	23.0621
   1	5	6	22.9736
   1	5	7	22.6937
   1	5	8	22.4159
   1	5	9	22.7683
   1	5	10	22.7141
   1	5	11	22.3187
   1	5	12	22.2304
   1	5	13	22.7184
   1	5	14	22.7148
   1	5	15	22.6869
   1	6	0	21.3012
   1	6	1	21.75
   1	6	2	22.1143
   1	6	3	22.1764
   1	6	4	21.8149
   1	6	5	22.2986
   1	6	6	22.5527
   1	6	7	22.5469
   1	6	8	21.8558
   1	6	9	22.3303
   1	6	10	22.6479
   1	6	11	22.4731
   1	6	12	22.7116
   1	6	13	23.1458
   1	6	14	23.0579
   1	6	15	23.4515
   1	7	0	21.8381
   1	7	1	21.5737
   1	7	2	21.6097
   1	7	3	21.5029
   1	7	4	21.6101
   1	7	5	21.6195
   1	7	6	21.913
   1	7	7	21.658
   1	7	8	21.9685
   1	7	9	22.3889
   1	7	10	22.1052
   1	7	11	22.0204
   1	7	12	21.9255
   1	7	13	22.0031
   1	7	14	22.0629
   1	7	15	22.1841
   1	8	0	19.6552
   1	8	1	19.8965
   1	8	2	20.3198
   1	8	3	20.7851
   1	8	4	20.5418
   1	8	5	21.1837
   1	8	6	21.2974
   1	8	7	20.6343
   1	8	8	21.8233
   1	8	9	22.262
   1	8	10	22.4339
   1	8	11	22.2447
   1	8	12	22.0567
   1	8	13	22.6563
   1	8	14	22.6892
   1	8	15	22.4461
   1	9	0	19.9639
   1	9	1	20.2747
   1	9	2	19.587
   1	9	3	19.649
   1	9	4	20.026
   1	9	5	20.1052
   1	9	6	20.3098
   1	9	7	20.5148
   1	9	8	21.7607
   1	9	9	22.0048
   1	9	10	21.9775
   1	9	11	21.2378
   1	9	12	21.6061
   1	9	13	21.7312
   1	9	14	21.959
   1	9	15	21.4324
   1	10	0	20.7243
   1	10	1	21.2824
   1	10	2	21.27
   1	10	3	20.7149
   1	10	4	21.3269
   1	10	5	21.9536
   1	10	6	21.441
   1	10	7	21.7592
   1	10	8	21.5428
   1	10	9	21.6139
   1	10	10	22.2973
   1	10	11	21.8536
   1	10	12	21.7166
   1	10	13	22.4561
   1	10	14	22.4746
   1	10	15	22.7158
   1	11	0	20.6563
   1	11	1	21.0381
   1	11	2	20.6851
   1	11	3	20.6678
   1	11	4	20.6416
   1	11	5	21.3316
   1	11	6	21.4157
   1	11	7	21.2797
   1	11	8	21.743
   1	11	9	22.1922
   1	11	10	21.6638
   1	11	11	21.4748
   1	11	12	21.3397
   1	11	13	21.8711
   1	11	14	22.428
   1	11	15	22.2088
   1	12	0	22.4396
   1	12	1	22.7472
   1	12	2	22.7736
   1	12	3	22.5306
   1	12	4	21.4857
   1	12	5	21.8421
   1	12	6	21.8915
   1	12	7	22.0167
   1	12	8	22.2062
   1	12	9	22.217
   1	12	10	22.7177
   1	12	11	21.9939
   1	12	12	21.9637
   1	12	13	22.8336
   1	12	14	22.7538
   1	12	15	22.6547
   1	13	0	22.4316
   1	13	1	22.6714
   1	13	2	22.8671
   1	13	3	22.3025
   1	13	4	22.0189
   1	13	5	22.8246
   1	13	6	22.6786
   1	13	7	22.1956
   1	13	8	23.1267
   1	13	9	23.5874
   1	13	10	23.5136
   1	13	11	23.5342
   1	13	12	22.7735
   1	13	13	23.1536
   1	13	14	23.0743
   1	13	15	22.7095
   1	14	0	21.1274
   1	14	1	22.0332
   1	14	2	21.4628
   1	14	3	22.1498
   1	14	4	21.8984
   1	14	5	22.1492
   1	14	6	22.071
   1	14	7	21.9705
   1	14	8	22.1939
   1	14	9	22.5574
   1	14	10	22.5352
   1	14	11	22.5074
   1	14	12	22.5789
   1	14	13	22.823
   1	14	14	22.8459
   1	14	15	22.8666
   1	15	0	22.5208
   1	15	1	22.2789
   1	15	2	22.2237
   1	15	3	22.3436
   1	15	4	21.5042
   1	15	5	21.5745
   1	15	6	21.595
   1	15	7	21.7063
   1	15	8	21.4188
   1	15	9	22.0638
   1	15	10	21.3342
   1	15	11	21.8388
   1	15	12	21.8898
   1	15	13	22.5146
   1	15	14	22.4536
   1	15	15	22.2389
   2	0	0	13.0489
   2	0	1	14.7512
   2	0	2	15.2248
   2	0	3	15.6023
   2	0	4	15.4203
   2	0	5	16.2687
   2	0	6	16.8554
   2	0	7	16.0801
   2	0	8	13.9746
   2	0	9	14.3205
   2	0	10	14.1221
   2	0	11	13.9684
   2	0	12	13.9779
   2	0	13	15.8184
   2	0	14	15.3042
   2	0	15	15.7872
   2	1	0	16.799
   2	1	1	17.3161
   2	1	2	15.2346
   2	1	3	15.4255
   2	1	4	15.1643
   2	1	5	15.8816
   2	1	6	15.7477
   2	1	7	14.5432
   2	1	8	17.0651
   2	1	9	15.1642
   2	1	10	15.9925
   2	1	11	14.6701
   2	1	12	14.931
   2	1	13	16.3636
   2	1	14	16.2575
   2	1	15	15.9318
   2	2	0	14.0625
   2	2	1	14.5678
   2	2	2	14.9268
   2	2	3	14.5635
   2	2	4	15.43
   2	2	5	16.0015
   2	2	6	14.7008
   2	2	7	14.0001
   2	2	8	12.701
   2	2	9	12.5601
   2	2	10	13.2976
   2	2	11	13.7842
   2	2	12	13.7341
   2	2	13	14.1271
   2	2	14	14.4785
   2	2	15	14.3519
   2	3	0	15.7306
   2	3	1	15.9349
   2	3	2	15.3745
   2	3	3	15.5838
   2	3	4	15.1281
   2	3	5	15.387
   2	3	6	16.2558
   2	3	7	15.9919
   2	3	8	13.8714
   2	3	9	13.9711
   2	3	10	15.2665
   2	3	11	13.9535
   2	3	12	15.5062
   2	3	13	14.4795
   2	3	14	14.1189
   2	3	15	14.102
   2	4	0	14.7678
   2	4	1	16.5612
   2	4	2	16.9459
   2	4	3	16.3601
   2	4	4	17.5961
   2	4	5	17.6667
   2	4	6	18.3114
   2	4	7	18.8086
   2	4	8	14.4141
   2	4	9	14.857
   2	4	10	15.0037
   2	4	11	15.6629
   2	4	12	16.5635
   2	4	13	16.8531
   2	4	14	17.1506
   2	4	15	16.8452
   2	5	0	17.9258
   2	5	1	18.603
   2	5	2	16.1862
   2	5	3	16.3545
   2	5	4	16.1504
   2	5	5	16.6639
   2	5	6	17.2548
   2	5	7	16.1299
   2	5	8	15.6795
   2	5	9	14.7508
   2	5	10	15.3135
   2	5	11	14.8139
   2	5	12	16.7553
   2	5	13	15.7578
   2	5	14	15.8761
   2	5	15	15.1865
   2	6	0	16.5963
   2	6	1	16.6554
   2	6	2	17.9007
   2	6	3	17.8778
   2	6	4	16.8891
   2	6	5	18.3
   2	6	6	18.0174
   2	6	7	18.4001
   2	6	8	15.361
   2	6	9	15.5529
   2	6	10	16.4516
   2	6	11	17.1142
   2	6	12	17.1026
   2	6	13	17.7363
   2	6	14	17.949
   2	6	15	17.7335
   2	7	0	16.3525
   2	7	1	17.1255
   2	7	2	17.152
   2	7	3	16.5852
   2	7	4	17.3934
   2	7	5	17.3739
   2	7	6	17.6147
   2	7	7	17.2439
   2	7	8	15.5732
   2	7	9	15.7949
   2	7	10	15.9095
   2	7	11	15.693
   2	7	12	15.7804
   2	7	13	23.4737
   2	7	14	16.7168
   2	7	15	16.0055
   2	8	0	16.1349
   2	8	1	17.7229
   2	8	2	18.2075
   2	8	3	18.3705
   2	8	4	18.9664
   2	8	5	19.9474
   2	8	6	19.9328
   2	8	7	20.0785
   2	8	8	17.0866
   2	8	9	17.5061
   2	8	10	17.9225
   2	8	11	18.0471
   2	8	12	18.379
   2	8	13	18.7817
   2	8	14	18.9901
   2	8	15	19.2991
   2	9	0	18.6779
   2	9	1	19.6761
   2	9	2	17.7523
   2	9	3	17.1835
   2	9	4	16.8534
   2	9	5	17.8392
   2	9	6	17.6715
   2	9	7	17.2157
   2	9	8	17.9584
   2	9	9	17.0985
   2	9	10	17.2451
   2	9	11	16.789
   2	9	12	17.6716
   2	9	13	18.1314
   2	9	14	17.8548
   2	9	15	18.0607
   2	10	0	17.2625
   2	10	1	17.5041
   2	10	2	17.9801
   2	10	3	17.5606
   2	10	4	17.8732
   2	10	5	18.4983
   2	10	6	18.2683
   2	10	7	18.3884
   2	10	8	15.9638
   2	10	9	15.9397
   2	10	10	16.8121
   2	10	11	16.6882
   2	10	12	16.9526
   2	10	13	17.3609
   2	10	14	17.6331
   2	10	15	18.0334
   2	11	0	17.5072
   2	11	1	17.9475
   2	11	2	17.9868
   2	11	3	17.9584
   2	11	4	17.944
   2	11	5	18.3322
   2	11	6	18.2587
   2	11	7	17.9704
   2	11	8	17.0322
   2	11	9	17.3101
   2	11	10	18.1091
   2	11	11	17.7347
   2	11	12	17.2349
   2	11	13	17.5602
   2	11	14	17.5869
   2	11	15	17.4912
   2	12	0	17.1938
   2	12	1	18.2039
   2	12	2	18.7978
   2	12	3	19.2406
   2	12	4	19.3763
   2	12	5	20.017
   2	12	6	20.3713
   2	12	7	20.3912
   2	12	8	17.6246
   2	12	9	18.2216
   2	12	10	18.8928
   2	12	11	18.7418
   2	12	12	18.8199
   2	12	13	20.0351
   2	12	14	19.9881
   2	12	15	20.0567
   2	13	0	20.0771
   2	13	1	20.4876
   2	13	2	19.0152
   2	13	3	18.8633
   2	13	4	18.9495
   2	13	5	19.2883
   2	13	6	19.786
   2	13	7	19.1408
   2	13	8	19.3385
   2	13	9	18.1855
   2	13	10	18.6824
   2	13	11	18.7033
   2	13	12	19.0061
   2	13	13	19.4187
   2	13	14	19.3241
   2	13	15	19.1179
   2	14	0	18.5581
   2	14	1	19.0552
   2	14	2	19.0867
   2	14	3	19.3947
   2	14	4	19.1616
   2	14	5	19.5641
   2	14	6	19.3597
   2	14	7	19.2088
   2	14	8	16.6645
   2	14	9	17.3465
   2	14	10	17.8985
   2	14	11	17.8456
   2	14	12	17.4685
   2	14	13	18.4232
   2	14	14	18.5565
   2	14	15	19.0869
   2	15	0	18.5158
   2	15	1	19.2014
   2	15	2	23.3713
   2	15	3	19.1394
   2	15	4	18.7576
   2	15	5	19.0718
   2	15	6	19.1025
   2	15	7	18.8713
   2	15	8	18.2626
   2	15	9	18.8431
   2	15	10	18.8921
   2	15	11	18.4028
   2	15	12	18.5692
   2	15	13	18.8412
   2	15	14	18.8835
   2	15	15	18.682
   3	0	0	13.1949
   3	0	1	14.4258
   3	0	2	15.1677
   3	0	3	15.7942
   3	0	4	15.7855
   3	0	5	16.1397
   3	0	6	16.7678
   3	0	7	17.0085
   3	0	8	15.4069
   3	0	9	16.7511
   3	0	10	16.9528
   3	0	11	16.5446
   3	0	12	17.5124
   3	0	13	18.4028
   3	0	14	18.0143
   3	0	15	18.9758
   3	1	0	14.7678
   3	1	1	15.0222
   3	1	2	13.386
   3	1	3	13.303
   3	1	4	13.0289
   3	1	5	14.0121
   3	1	6	14.3723
   3	1	7	14.0122
   3	1	8	23.3473
   3	1	9	14.8499
   3	1	10	15.4339
   3	1	11	15.364
   3	1	12	15.7233
   3	1	13	15.5803
   3	1	14	16.1818
   3	1	15	16.4413
   3	2	0	15.213
   3	2	1	15.6751
   3	2	2	15.6265
   3	2	3	15.2865
   3	2	4	15.4632
   3	2	5	15.8817
   3	2	6	15.7863
   3	2	7	15.614
   3	2	8	17.7136
   3	2	9	18.019
   3	2	10	18.2222
   3	2	11	17.867
   3	2	12	18.1849
   3	2	13	18.5979
   3	2	14	18.9727
   3	2	15	18.6124
   3	3	0	15.9978
   3	3	1	16.4806
   3	3	2	16.5284
   3	3	3	16.4688
   3	3	4	15.9342
   3	3	5	16.1817
   3	3	6	15.8894
   3	3	7	16.087
   3	3	8	18.0071
   3	3	9	18.4436
   3	3	10	18.558
   3	3	11	18.3286
   3	3	12	18.4416
   3	3	13	18.7703
   3	3	14	18.8311
   3	3	15	18.359
   3	4	0	16.8261
   3	4	1	16.6062
   3	4	2	16.8442
   3	4	3	16.505
   3	4	4	16.6659
   3	4	5	16.7473
   3	4	6	16.8297
   3	4	7	16.4815
   3	4	8	18.5561
   3	4	9	19.2611
   3	4	10	19.2316
   3	4	11	19.2948
   3	4	12	18.9375
   3	4	13	19.8098
   3	4	14	19.5358
   3	4	15	19.4097
   3	5	0	19.6742
   3	5	1	20.1403
   3	5	2	20.1608
   3	5	3	18.9546
   3	5	4	18.007
   3	5	5	18.2704
   3	5	6	18.2702
   3	5	7	15.7746
   3	5	8	19.2776
   3	5	9	19.5561
   3	5	10	18.2255
   3	5	11	17.7419
   3	5	12	19.2062
   3	5	13	17.373
   3	5	14	17.0222
   3	5	15	18.3083
   3	6	0	17.8637
   3	6	1	18.6631
   3	6	2	18.1874
   3	6	3	18.3285
   3	6	4	18.521
   3	6	5	19.0473
   3	6	6	18.5602
   3	6	7	18.4846
   3	6	8	19.4162
   3	6	9	19.4081
   3	6	10	19.5567
   3	6	11	19.7265
   3	6	12	19.4942
   3	6	13	19.4276
   3	6	14	20.0848
   3	6	15	19.8658
   3	7	0	18.2958
   3	7	1	18.3619
   3	7	2	23.537
   3	7	3	17.3507
   3	7	4	17.8466
   3	7	5	17.6261
   3	7	6	17.2694
   3	7	7	23.3729
   3	7	8	20.2238
   3	7	9	19.9202
   3	7	10	19.5332
   3	7	11	19.3907
   3	7	12	18.9904
   3	7	13	20.514
   3	7	14	19.4623
   3	7	15	19.6004
   3	8	0	17.5063
   3	8	1	18.0465
   3	8	2	18.6071
   3	8	3	18.3059
   3	8	4	18.5962
   3	8	5	19.2677
   3	8	6	19.554
   3	8	7	24.0446
   3	8	8	17.0441
   3	8	9	17.2074
   3	8	10	17.9614
   3	8	11	17.8971
   3	8	12	18.1541
   3	8	13	18.9776
   3	8	14	23.5925
   3	8	15	18.9649
   3	9	0	18.5006
   3	9	1	19.5014
   3	9	2	19.8721
   3	9	3	19.8645
   3	9	4	19.7424
   3	9	5	20.3104
   3	9	6	20.3905
   3	9	7	20.2026
   3	9	8	18.0527
   3	9	9	18.2834
   3	9	10	18.8753
   3	9	11	18.8754
   3	9	12	19.382
   3	9	13	20.2051
   3	9	14	20.3584
   3	9	15	20.1733
   3	10	0	18.1176
   3	10	1	18.4299
   3	10	2	18.2649
   3	10	3	18.114
   3	10	4	17.59
   3	10	5	17.7289
   3	10	6	17.7439
   3	10	7	17.4952
   3	10	8	16.2322
   3	10	9	17.5478
   3	10	10	17.6479
   3	10	11	17.7355
   3	10	12	17.2308
   3	10	13	17.6223
   3	10	14	17.8083
   3	10	15	18.0431
   3	11	0	17.8491
   3	11	1	16.8804
   3	11	2	16.5776
   3	11	3	16.6119
   3	11	4	15.8157
   3	11	5	16.281
   3	11	6	23.5882
   3	11	7	15.5684
   3	11	8	16.9281
   3	11	9	17.5657
   3	11	10	15.9035
   3	11	11	15.4102
   3	11	12	15.7652
   3	11	13	15.8703
   3	11	14	15.7768
   3	11	15	15.0318
   4	0	0	19.4712
   4	0	1	19.8934
   4	0	2	20.0957
   4	0	3	19.5436
   4	0	4	18.4132
   4	0	5	19.0959
   4	0	6	20.2665
   4	0	7	19.4826
   4	0	8	21.353
   4	0	9	21.0097
   4	0	10	21.4103
   4	0	11	20.4525
   4	0	12	21.3704
   4	0	13	22.9778
   4	0	14	22.4287
   4	0	15	22.3213
   4	1	0	19.912
   4	1	1	20.6816
   4	1	2	20.1228
   4	1	3	20.3343
   4	1	4	19.2373
   4	1	5	19.6847
   4	1	6	19.7231
   4	1	7	20.0585
   4	1	8	22.4899
   4	1	9	21.7875
   4	1	10	22.2776
   4	1	11	22.2276
   4	1	12	21.0588
   4	1	13	21.9079
   4	1	14	22.0203
   4	1	15	21.5882
   4	2	0	20.5873
   4	2	1	21.3799
   4	2	2	21.4329
   4	2	3	21.3493
   4	2	4	21.3158
   4	2	5	22.1432
   4	2	6	22.018
   4	2	7	21.7984
   4	2	8	21.0912
   4	2	9	21.0844
   4	2	10	20.7488
   4	2	11	20.8692
   4	2	12	23.2967
   4	2	13	21.5959
   4	2	14	21.8197
   4	2	15	21.6408
   4	3	0	21.6618
   4	3	1	22.4231
   4	3	2	21.9591
   4	3	3	21.491
   4	3	4	20.9061
   4	3	5	21.1193
   4	3	6	21.0168
   4	3	7	20.865
   4	3	8	21.3876
   4	3	9	21.6031
   4	3	10	21.1188
   4	3	11	21.5598
   4	3	12	21.0438
   4	3	13	21.1668
   4	3	14	21.0686
   4	3	15	21.0043
   4	4	0	21.0462
   4	4	1	21.7119
   4	4	2	21.812
   4	4	3	22.1002
   4	4	4	21.8948
   4	4	5	22.3684
   4	4	6	22.4899
   4	4	7	22.0072
   4	4	8	22.8494
   4	4	9	23.2292
   4	4	10	23.6025
   4	4	11	23.4071
   4	4	12	22.6774
   4	4	13	23.2321
   4	4	14	22.6112
   4	4	15	23.2137
   4	5	0	20.7972
   4	5	1	21.252
   4	5	2	21.3274
   4	5	3	20.807
   4	5	4	20.9011
   4	5	5	21.4935
   4	5	6	21.2888
   4	5	7	20.8186
   4	5	8	21.9352
   4	5	9	21.9451
   4	5	10	22.1824
   4	5	11	22.1086
   4	5	12	21.6973
   4	5	13	22.3615
   4	5	14	22.0979
   4	5	15	22.0215
   4	6	0	21.8514
   4	6	1	22.1508
   4	6	2	22.5023
   4	6	3	21.8331
   4	6	4	20.7772
   4	6	5	20.9232
   4	6	6	21.2015
   4	6	7	21.3291
   4	6	8	21.9597
   4	6	9	22.0505
   4	6	10	22.4152
   4	6	11	21.7314
   4	6	12	23.7973
   4	6	13	21.5991
   4	6	14	22.6686
   4	6	15	22.2106
   4	7	0	21.3093
   4	7	1	21.6844
   4	7	2	21.6035
   4	7	3	21.1745
   4	7	4	21.0945
   4	7	5	21.4631
   4	7	6	21.2312
   4	7	7	20.9265
   4	7	8	22.5261
   4	7	9	22.3346
   4	7	10	22.3787
   4	7	11	22.3437
   4	7	12	22.0867
   4	7	13	22.16
   4	7	14	22.2453
   4	7	15	21.3164
   4	8	0	17.8248
   4	8	1	17.8745
   4	8	2	17.4463
   4	8	3	16.8136
   4	8	4	17.2834
   4	8	5	17.3561
   4	8	6	18.3497
   4	8	7	17.8717
   4	8	8	18.2697
   4	8	9	19.0911
   4	8	10	19.4332
   4	8	11	19.3459
   4	8	12	19.4283
   4	8	13	20.7566
   4	8	14	20.4141
   4	8	15	20.2903
   4	9	0	17.6131
   4	9	1	17.4168
   4	9	2	17.1052
   4	9	3	17.4401
   4	9	4	16.7056
   4	9	5	16.5092
   4	9	6	16.6069
   4	9	7	23.5495
   4	9	8	19.7571
   4	9	9	20.2391
   4	9	10	19.7902
   4	9	11	19.6674
   4	9	12	18.8971
   4	9	13	19.2814
   4	9	14	19.2703
   4	9	15	18.8837
   4	10	0	17.8311
   4	10	1	18.4509
   4	10	2	18.6662
   4	10	3	18.6156
   4	10	4	17.763
   4	10	5	18.8979
   4	10	6	19.3377
   4	10	7	18.9294
   4	10	8	19.8015
   4	10	9	19.6889
   4	10	10	19.7879
   4	10	11	19.5445
   4	10	12	19.8137
   4	10	13	20.3038
   4	10	14	20.9061
   4	10	15	20.8314
   4	11	0	18.983
   4	11	1	19.3099
   4	11	2	19.1896
   4	11	3	18.3158
   4	11	4	18.7997
   4	11	5	18.6116
   4	11	6	17.9773
   4	11	7	18.1045
   4	11	8	20.7246
   4	11	9	20.6158
   4	11	10	20.8324
   4	11	11	20.3536
   4	11	12	20.0336
   4	11	13	20.4135
   4	11	14	20.4209
   4	11	15	20.2126
   4	12	0	20.0369
   4	12	1	20.4266
   4	12	2	20.5217
   4	12	3	20.366
   4	12	4	19.9591
   4	12	5	20.7598
   4	12	6	20.2147
   4	12	7	20.3696
   4	12	8	20.423
   4	12	9	20.9349
   4	12	10	20.9176
   4	12	11	21.2547
   4	12	12	21.2644
   4	12	13	22.0428
   4	12	14	22.0389
   4	12	15	22.1038
   4	13	0	20.3373
   4	13	1	20.9893
   4	13	2	20.8314
   4	13	3	21.0665
   4	13	4	20.2104
   4	13	5	20.4164
   4	13	6	20.6033
   4	13	7	20.7037
   4	13	8	20.6607
   4	13	9	21.1635
   4	13	10	21.57
   4	13	11	21.2417
   4	13	12	21.4704
   4	13	13	21.2175
   4	13	14	21.7476
   4	13	15	21.9649
   4	14	0	19.6197
   4	14	1	20.6192
   4	14	2	21.0787
   4	14	3	20.9116
   4	14	4	19.9203
   4	14	5	20.6201
   4	14	6	20.2919
   4	14	7	21.37
   4	14	8	19.239
   4	14	9	20.1711
   4	14	10	20.3903
   4	14	11	20.3221
   4	14	12	19.5237
   4	14	13	19.6811
   4	14	14	21.7593
   4	14	15	21.1824
   4	15	0	21.2928
   4	15	1	21.2919
   4	15	2	20.262
   4	15	3	20.104
   4	15	4	20.312
   4	15	5	20.8162
   4	15	6	20.2719
   4	15	7	20.2596
   4	15	8	20.3473
   4	15	9	21.1806
   4	15	10	20.2672
   4	15	11	20.5393
   4	15	12	19.7234
   4	15	13	19.9819
   4	15	14	19.9863
   4	15	15	19.7895
   5	0	0	21.0967
   5	0	1	22.4704
   5	0	2	21.7091
   5	0	3	21.3713
   5	0	4	20.7642
   5	0	5	20.4638
   5	0	6	22.131
   5	0	7	21.6123
   5	0	8	22.354
   5	0	9	23.1818
   5	0	10	22.553
   5	0	11	22.7482
   5	0	12	22.1842
   5	0	13	23.2825
   5	0	14	22.3152
   5	0	15	23.4242
   5	1	0	21.0016
   5	1	1	20.4424
   5	1	2	21.1566
   5	1	3	19.7494
   5	1	4	20.4802
   5	1	5	19.6499
   5	1	6	20.4313
   5	1	7	19.1992
   5	1	8	22.2631
   5	1	9	22.4862
   5	1	10	21.5647
   5	1	11	22.5082
   5	1	12	21.1715
   5	1	13	22.0997
   5	1	14	21.9935
   5	1	15	21.9818
   5	2	0	22.7953
   5	2	1	23.1875
   5	2	2	23.0362
   5	2	3	23.0562
   5	2	4	22.272
   5	2	5	22.8801
   5	2	6	22.5903
   5	2	7	22.0657
   5	2	8	22.3598
   5	2	9	21.8445
   5	2	10	22.0653
   5	2	11	21.5216
   5	2	12	22.6316
   5	2	13	23.8133
   5	2	14	22.3194
   5	2	15	22.0394
   5	3	0	22.5253
   5	3	1	21.9785
   5	3	2	22.9742
   5	3	3	22.401
   5	3	4	22.6864
   5	3	5	22.8242
   5	3	6	22.469
   5	3	7	22.9746
   5	3	8	22.7199
   5	3	9	23.839
   5	3	10	23.1802
   5	3	11	21.7612
   5	3	12	22.4738
   5	3	13	22.4065
   5	3	14	22.1732
   5	3	15	22.1615
   5	4	0	21.9488
   5	4	1	22.4073
   5	4	2	22.4858
   5	4	3	22.3858
   5	4	4	22.8527
   5	4	5	23.237
   5	4	6	22.534
   5	4	7	22.6528
   5	4	8	22.2026
   5	4	9	23.5756
   5	4	10	23.0046
   5	4	11	23.3216
   5	4	12	23.4346
   5	4	13	23.9675
   5	4	14	23.055
   5	4	15	23.5754
   5	5	0	-0.125071
   5	5	1	21.0267
   5	5	2	20.8306
   5	5	3	20.9228
   5	5	4	21.5139
   5	5	5	21.6125
   5	5	6	21.1823
   5	5	7	21.0352
   5	5	8	21.9548
   5	5	9	22.8337
   5	5	10	22.2839
   5	5	11	22.4238
   5	5	12	22.506
   5	5	13	22.9466
   5	5	14	22.1704
   5	5	15	22.2954
   5	6	0	22.9283
   5	6	1	22.0856
   5	6	2	22.7882
   5	6	3	22.191
   5	6	4	22.2126
   5	6	5	22.7986
   5	6	6	22.2845
   5	6	7	22.9613
   5	6	8	23.498
   5	6	9	23.4894
   5	6	10	23.694
   5	6	11	23.5086
   5	6	12	23.0051
   5	6	13	23.263
   5	6	14	23.297
   5	6	15	23.0952
   5	7	0	21.9556
   5	7	1	22.6781
   5	7	2	22.4204
   5	7	3	21.7368
   5	7	4	22.5592
   5	7	5	22.9602
   5	7	6	22.5269
   5	7	7	23.2564
   5	7	8	22.8428
   5	7	9	22.7112
   5	7	10	22.8359
   5	7	11	22.2962
   5	7	12	22.6696
   5	7	13	22.8598
   5	7	14	22.4829
   5	7	15	22.563
   5	8	0	19.9269
   5	8	1	20.0182
   5	8	2	19.3017
   5	8	3	19.5956
   5	8	4	19.4113
   5	8	5	19.4386
   5	8	6	19.9606
   5	8	7	19.2781
   5	8	8	20.9116
   5	8	9	21.3021
   5	8	10	20.8458
   5	8	11	21.1678
   5	8	12	20.8865
   5	8	13	21.9047
   5	8	14	22.0452
   5	8	15	21.5416
   5	9	0	19.2243
   5	9	1	19.5811
   5	9	2	19.3001
   5	9	3	19.6959
   5	9	4	18.4573
   5	9	5	18.532
   5	9	6	19.0151
   5	9	7	18.3183
   5	9	8	20.8235
   5	9	9	21.4815
   5	9	10	20.7133
   5	9	11	21.7526
   5	9	12	20.3064
   5	9	13	20.3271
   5	9	14	19.9968
   5	9	15	20.2742
   5	10	0	21.7896
   5	10	1	21.3562
   5	10	2	22.3938
   5	10	3	21.6432
   5	10	4	21.7056
   5	10	5	22.5402
   5	10	6	21.942
   5	10	7	22.1754
   5	10	8	21.6564
   5	10	9	21.2557
   5	10	10	21.4501
   5	10	11	22.5809
   5	10	12	21.0063
   5	10	13	21.9402
   5	10	14	22.0433
   5	10	15	22.3867
   5	11	0	22.0506
   5	11	1	22.305
   5	11	2	22.1265
   5	11	3	22.0667
   5	11	4	21.945
   5	11	5	22.1367
   5	11	6	22.269
   5	11	7	21.3798
   5	11	8	21.5372
   5	11	9	22.4451
   5	11	10	22.1325
   5	11	11	22.0397
   5	11	12	22.1249
   5	11	13	21.6817
   5	11	14	22.5078
   5	11	15	22.2831
   5	12	0	21.4727
   5	12	1	22.2636
   5	12	2	22.3664
   5	12	3	21.982
   5	12	4	21.4675
   5	12	5	22.0086
   5	12	6	22.3699
   5	12	7	22.9856
   5	12	8	22.4443
   5	12	9	22.9708
   5	12	10	22.4239
   5	12	11	22.4706
   5	12	12	22.5551
   5	12	13	22.8545
   5	12	14	23.1887
   5	12	15	22.5802
   5	13	0	20.8578
   5	13	1	20.7945
   5	13	2	21.4965
   5	13	3	21.5269
   5	13	4	22.1507
   5	13	5	21.9563
   5	13	6	21.9778
   5	13	7	21.6953
   5	13	8	22.8239
   5	13	9	22.3903
   5	13	10	22.7978
   5	13	11	22.6202
   5	13	12	23.0715
   5	13	13	22.7525
   5	13	14	23.2256
   5	13	15	22.7749
   5	14	0	21.1588
   5	14	1	20.7886
   5	14	2	21.8332
   5	14	3	21.1493
   5	14	4	20.8386
   5	14	5	20.9967
   5	14	6	21.7432
   5	14	7	22.111
   5	14	8	18.9602
   5	14	9	20.6515
   5	14	10	19.4676
   5	14	11	19.9479
   5	14	12	18.986
   5	14	13	20.5954
   5	14	14	21.1152
   5	14	15	21.9201
   5	15	0	22.1448
   5	15	1	21.4324
   5	15	2	21.9627
   5	15	3	22.3298
   5	15	4	21.8663
   5	15	5	22.2509
   5	15	6	20.9016
   5	15	7	21.5327
   5	15	8	19.8182
   5	15	9	20.4064
   5	15	10	20.6877
   5	15	11	20.9342
   5	15	12	20.1743
   5	15	13	20.1738
   5	15	14	20.8775
   5	15	15	19.8122
   6	0	0	21.0213
   6	0	1	20.9449
   6	0	2	20.6312
   6	0	3	20.5041
   6	0	4	20.2907
   6	0	5	19.9361
   6	0	6	21.8822
   6	0	7	21.5289
   6	0	8	19.9772
   6	0	9	20.3806
   6	0	10	19.6689
   6	0	11	19.6132
   6	0	12	19.8924
   6	0	13	20.2235
   6	0	14	19.9209
   6	0	15	20.5139
   6	1	0	21.1822
   6	1	1	21.2679
   6	1	2	21.8385
   6	1	3	20.9797
   6	1	4	21.4217
   6	1	5	20.9955
   6	1	6	21.8035
   6	1	7	20.0758
   6	1	8	20.8096
   6	1	9	21.0097
   6	1	10	20.7422
   6	1	11	20.6191
   6	1	12	19.3646
   6	1	13	20.5325
   6	1	14	19.1711
   6	1	15	20.6944
   6	2	0	20.2937
   6	2	1	21.0375
   6	2	2	20.9015
   6	2	3	19.7019
   6	2	4	20.7231
   6	2	5	21.1499
   6	2	6	21.3472
   6	2	7	20.5875
   6	2	8	19.3676
   6	2	9	20.6694
   6	2	10	20.9033
   6	2	11	20.5069
   6	2	12	20.1027
   6	2	13	21.4241
   6	2	14	20.9994
   6	2	15	21.6033
   6	3	0	20.6656
   6	3	1	21.6034
   6	3	2	21.7705
   6	3	3	21.3119
   6	3	4	21.2926
   6	3	5	21.7899
   6	3	6	21.8931
   6	3	7	21.4907
   6	3	8	19.267
   6	3	9	20.2487
   6	3	10	20.3651
   6	3	11	20.118
   6	3	12	19.9
   6	3	13	21.0105
   6	3	14	20.5045
   6	3	15	19.71
   6	4	0	18.7976
   6	4	1	18.7894
   6	4	2	19.2513
   6	4	3	19.0409
   6	4	4	19.3746
   6	4	5	19.4338
   6	4	6	20.1467
   6	4	7	20.8216
   6	4	8	19.91
   6	4	9	18.74
   6	4	10	20.1431
   6	4	11	19.2784
   6	4	12	19.1214
   6	4	13	19.3623
   6	4	14	18.9821
   6	4	15	20.0736
   6	5	0	20.5523
   6	5	1	20.0143
   6	5	2	19.4319
   6	5	3	19.5214
   6	5	4	19.4226
   6	5	5	19.1434
   6	5	6	19.0472
   6	5	7	18.009
   6	5	8	19.166
   6	5	9	18.8082
   6	5	10	18.3828
   6	5	11	18.8888
   6	5	12	18.1176
   6	5	13	18.3877
   6	5	14	19.0952
   6	5	15	17.7236
   6	6	0	18.5626
   6	6	1	18.6728
   6	6	2	19.5317
   6	6	3	19.6375
   6	6	4	19.0187
   6	6	5	20.1285
   6	6	6	20.1147
   6	6	7	19.6236
   6	6	8	17.7935
   6	6	9	18.8426
   6	6	10	19.0439
   6	6	11	18.9234
   6	6	12	17.8177
   6	6	13	19.2302
   6	6	14	19.3947
   6	6	15	19.6704
   6	7	0	18.5886
   6	7	1	19.1266
   6	7	2	19.7566
   6	7	3	19.2135
   6	7	4	19.0979
   6	7	5	19.9551
   6	7	6	19.7346
   6	7	7	18.9954
   6	7	8	18.0106
   6	7	9	18.9924
   6	7	10	18.7149
   6	7	11	18.1731
   6	7	12	19.0016
   6	7	13	20.1179
   6	7	14	19.2678
   6	7	15	18.7452
   6	8	0	16.3647
   6	8	1	16.8994
   6	8	2	16.6519
   6	8	3	15.8068
   6	8	4	16.09
   6	8	5	15.799
   6	8	6	17.103
   6	8	7	17.5754
   6	8	8	16.2992
   6	8	9	16.9441
   6	8	10	16.5759
   6	8	11	16.6607
   6	8	12	15.4764
   6	8	13	15.7018
   6	8	14	16.0461
   6	8	15	16.7341
   6	9	0	17.6588
   6	9	1	17.6609
   6	9	2	17.1472
   6	9	3	17.1541
   6	9	4	16.4703
   6	9	5	16.6375
   6	9	6	16.1701
   6	9	7	14.4257
   6	9	8	16.8383
   6	9	9	17.1127
   6	9	10	16.9174
   6	9	11	16.2356
   6	9	12	16.319
   6	9	13	16.8392
   6	9	14	15.9403
   6	9	15	14.2224
   6	10	0	16.5742
   6	10	1	17.4797
   6	10	2	17.3937
   6	10	3	16.889
   6	10	4	16.747
   6	10	5	17.3595
   6	10	6	18.5834
   6	10	7	17.4673
   6	10	8	15.4926
   6	10	9	17.1861
   6	10	10	16.0994
   6	10	11	16.563
   6	10	12	16.7295
   6	10	13	16.5253
   6	10	14	17.4468
   6	10	15	17.3129
   6	11	0	17.9802
   6	11	1	18.5144
   6	11	2	18.388
   6	11	3	17.6561
   6	11	4	17.683
   6	11	5	18.3999
   6	11	6	18.6125
   6	11	7	18.5204
   6	11	8	15.5266
   6	11	9	15.9276
   6	11	10	15.6829
   6	11	11	15.6823
   6	11	12	16.4221
   6	11	13	16.8381
   6	11	14	17.4313
   6	11	15	17.0222
   6	12	0	14.0083
   6	12	1	14.7363
   6	12	2	14.1611
   6	12	3	14.2296
   6	12	4	14.0607
   6	12	5	12.9801
   6	12	6	14.5561
   6	12	7	15.2801
   6	12	8	13.2411
   6	12	9	13.6546
   6	12	10	13.7299
   6	12	11	13.5684
   6	12	12	13.3265
   6	12	13	13.6012
   6	12	14	13.4068
   6	12	15	13.7761
   6	13	0	13.973
   6	13	1	13.877
   6	13	2	14.1501
   6	13	3	14.0599
   6	13	4	13.581
   6	13	5	14.093
   6	13	6	12.9515
   6	13	7	12.741
   6	13	8	14.4905
   6	13	9	14.0736
   6	13	10	13.635
   6	13	11	14.3111
   6	13	12	13.8955
   6	13	13	13.5781
   6	13	14	13.3036
   6	13	15	13.7423
   6	14	0	13.6041
   6	14	1	14.7216
   6	14	2	14.0314
   6	14	3	14.1136
   6	14	4	14.0389
   6	14	5	14.5097
   6	14	6	15.5923
   6	14	7	13.9274
   6	14	8	13.0341
   6	14	9	13.2953
   6	14	10	14.0383
   6	14	11	13.2894
   6	14	12	13.4414
   6	14	13	14.3821
   6	14	14	13.792
   6	14	15	13.7755
   6	15	0	13.5397
   6	15	1	14.421
   6	15	2	14.1579
   6	15	3	14.2084
   6	15	4	13.5797
   6	15	5	13.9084
   6	15	6	13.9311
   6	15	7	13.8081
   6	15	8	13.7832
   6	15	9	12.8487
   6	15	10	13.3838
   6	15	11	13.6976
   6	15	12	11.9855
   6	15	13	14.0231
   6	15	14	13.7516
   6	15	15	13.3957
   7	0	0	14.7886
   7	0	1	15.0072
   7	0	2	14.3408
   7	0	3	14.2187
   7	0	4	14.7644
   7	0	5	14.6768
   7	0	6	16.0629
   7	0	7	16.1336
   7	0	8	16.5726
   7	0	9	16.5972
   7	0	10	16.6778
   7	0	11	16.8073
   7	0	12	16.6976
   7	0	13	16.6559
   7	0	14	16.045
   7	0	15	17.91
   7	1	0	16.6583
   7	1	1	16.8791
   7	1	2	16.4307
   7	1	3	15.7022
   7	1	4	15.5092
   7	1	5	15.6361
   7	1	6	15.5174
   7	1	7	14.0375
   7	1	8	17.8699
   7	1	9	17.4421
   7	1	10	18.2484
   7	1	11	17.7922
   7	1	12	17.3045
   7	1	13	18.6359
   7	1	14	17.0924
   7	1	15	16.8583
   7	2	0	16.8869
   7	2	1	17.8556
   7	2	2	17.6751
   7	2	3	17.1179
   7	2	4	17.3846
   7	2	5	18.1371
   7	2	6	18.1247
   7	2	7	17.5281
   7	2	8	18.329
   7	2	9	19.444
   7	2	10	19.7884
   7	2	11	19.3135
   7	2	12	24.4066
   7	2	13	20.6095
   7	2	14	19.4767
   7	2	15	20.2096
   7	3	0	16.0852
   7	3	1	15.6145
   7	3	2	16.5152
   7	3	3	16.4969
   7	3	4	15.7508
   7	3	5	15.6792
   7	3	6	16.3685
   7	3	7	15.9246
   7	3	8	18.6064
   7	3	9	18.0099
   7	3	10	19.0999
   7	3	11	18.87
   7	3	12	18.6087
   7	3	13	19.3004
   7	3	14	19.2529
   7	3	15	19.1877
   7	4	0	17.6488
   7	4	1	18.0784
   7	4	2	18.0242
   7	4	3	17.5667
   7	4	4	17.9842
   7	4	5	17.6224
   7	4	6	19.3568
   7	4	7	18.6318
   7	4	8	18.6208
   7	4	9	18.9719
   7	4	10	19.7525
   7	4	11	19.0125
   7	4	12	19.7725
   7	4	13	21.0694
   7	4	14	20.8205
   7	4	15	20.9291
   7	5	0	15.3767
   7	5	1	17.8314
   7	5	2	17.2533
   7	5	3	18.0069
   7	5	4	17.392
   7	5	5	17.8249
   7	5	6	17.7028
   7	5	7	17.0021
   7	5	8	20.3782
   7	5	9	20.9864
   7	5	10	21.1162
   7	5	11	20.4437
   7	5	12	20.164
   7	5	13	20.3466
   7	5	14	20.4202
   7	5	15	20.8119
   7	6	0	16.1215
   7	6	1	17.346
   7	6	2	17.5766
   7	6	3	17.6037
   7	6	4	17.6969
   7	6	5	19.0632
   7	6	6	19.2409
   7	6	7	19.2545
   7	6	8	18.2822
   7	6	9	18.1356
   7	6	10	18.0715
   7	6	11	18.6615
   7	6	12	19.0525
   7	6	13	19.9111
   7	6	14	20.5102
   7	6	15	21.2238
   7	7	0	18.6607
   7	7	1	19.0067
   7	7	2	18.7772
   7	7	3	18.8681
   7	7	4	18.9608
   7	7	5	19.0302
   7	7	6	19.1863
   7	7	7	19.1357
   7	7	8	18.6066
   7	7	9	19.8213
   7	7	10	20.02
   7	7	11	19.1442
   7	7	12	19.6742
   7	7	13	19.3852
   7	7	14	20.3657
   7	7	15	19.4406
   7	8	0	20.0764
   7	8	1	20.4927
   7	8	2	20.1444
   7	8	3	20.8094
   7	8	4	20.637
   7	8	5	20.7555
   7	8	6	21.0288
   7	8	7	20.9078
   7	8	8	20.5102
   7	8	9	20.7315
   7	8	10	20.5166
   7	8	11	19.3371
   7	8	12	19.5188
   7	8	13	19.9404
   7	8	14	19.8522
   7	8	15	19.1557
   7	9	0	20.2194
   7	9	1	19.5278
   7	9	2	18.775
   7	9	3	19.2917
   7	9	4	19.2238
   7	9	5	19.871
   7	9	6	19.3834
   7	9	7	19.0023
   7	9	8	18.3861
   7	9	9	18.9459
   7	9	10	18.7797
   7	9	11	18.8184
   7	9	12	18.8889
   7	9	13	19.6264
   7	9	14	20.4329
   7	9	15	17.5025
   7	10	0	23.4409
   7	10	1	17.52
   7	10	2	17.7073
   7	10	3	18.6939
   7	10	4	17.3029
   7	10	5	18.342
   7	10	6	18.5202
   7	10	7	19.4365
   7	10	8	16.6163
   7	10	9	20.571
   7	10	10	17.5833
   7	10	11	19.9388
   7	10	12	18.7261
   7	10	13	19.1472
   7	10	14	19.2592
   7	10	15	18.8003
   7	11	0	18.5209
   7	11	1	18.5878
   7	11	2	18.9127
   7	11	3	19.461
   7	11	4	18.4682
   7	11	5	19.1269
   7	11	6	19.7648
   7	11	7	18.8649
   7	11	8	19.0932
   7	11	9	18.9064
   7	11	10	19.1391
   7	11	11	18.3111
   7	11	12	17.8304
   7	11	13	17.692
   7	11	14	17.5228
   7	11	15	16.2624
