   0	41.1225
   1	25.3846
   2	19.947
   3	-2.05283
   4	29.3738
   5	-1.95969
   6	-33.1854
   7	19.6154
   8	-60.9213
   9	-67.1216
   10	-54.6925
   11	-51.7091
   12	29.3771
   13	1.34929
   14	-35.4058
   15	23.1882
   16	-58.8122
   17	16.5269
   18	7.0252
   19	0.108942
   20	-17.3868
   21	7.61614
   22	-9.92772
   23	-0.227898
   24	-23.602
   25	-42.3509
   26	-27.2729
   27	-7.26935
   28	-38.1973
   29	-29.0625
   30	1.84668
   31	14.2725
   32	0.942495
   33	9.74646
   34	-19.7794
   35	15.4063
   36	-18.0987
   37	-26.9647
   38	-31.9181
   39	-49.5845
   40	-32.52
   41	-15.8982
   42	-22.1293
   43	-48.1493
   44	0.883765
   45	14.172
   46	39.4821
   47	18.1247
   48	7.42
   49	30.0765
   50	3.4458
   51	31.7754
   52	21.8203
   53	18.2817
   54	14.0972
   55	8.95499
   56	-36.0207
   57	-37.7797
   58	-9.74421
   59	-29.8301
   60	1.12511
   61	-4.29252
   62	13.6832
   63	-25.5176
   64	61.5598
   65	68.026
   66	18.461
   67	59.8842
   68	32.729
   69	18.7239
   70	-3.71609
   71	19.6905
   72	35.1575
   73	8.18279
   74	16.0897
   75	13.1615
   76	13.9982
   77	24.2427
   78	17.6313
   79	-7.29335
   80	2.72861
   81	10.7914
   82	48.4051
   83	8.86105
   84	43.4946
   85	18.55
   86	48.5611
   87	59.7516
   88	54.2706
   89	41.8853
   90	51.6652
   91	24.4174
   92	40.6788
   93	51.9152
   94	32.6935
   95	33.9613
   96	6.55691
   97	26.0625
   98	10.8233
   99	16.5775
   100	-21.2904
   101	-4.21168
   102	12.8701
   103	29.516
   104	-5.50646
   105	-11.3105
   106	-17.5816
   107	16.3986
   108	37.1751
   109	45.9106
   110	26.577
   111	28.2586
   112	-1.63017
   113	-25.1144
   114	-0.70311
   115	-9.90461
   116	9.76587
   117	-20.7912
   118	-5.43225
   119	-0.130524
   120	7.43636
   121	-9.07431
   122	13.4873
   123	40.9436
   124	24.9999
   125	29.9413
   126	25.8606
   127	40.4584
   128	4.11082
   129	4.20425
   130	35.8335
   131	7.73862
   132	17.9646
   133	65.4107
   134	25.726
   135	48.9413
   136	30.6902
   137	61.5152
   138	33.6595
   139	27.4293
   140	69.2203
   141	66.0677
   142	22.26
   143	36.9293
   144	22.9918
   145	49.2303
   146	18.1775
   147	40.4094
   148	-46.6069
   149	-31.7546
   150	-54.6766
   151	-34.4168
   152	4.41807
   153	11.476
   154	18.7503
   155	-1.03183
   156	-30.8784
   157	-12.9863
   158	-3.51986
   159	-2.87495
   160	29.6413
   161	-19.966
   162	-29.5511
   163	-31.524
   164	4.29488
   165	15.9426
   166	20.3331
   167	7.43443
   168	11.6013
   169	24.4149
   170	55.9372
   171	59.1328
   172	7.90589
   173	-1.49649
   174	26.755
   175	33.7974
   176	-43.6182
   177	-35.3096
   178	-21.9847
   179	-36.2654
   180	-32.8543
   181	-9.45395
   182	-26.5609
   183	0.246215
   184	35.1606
   185	12.4186
   186	-29.9188
   187	5.25395
   188	-28.5616
   189	-33.942
   190	-40.5433
   191	-38.585
   192	2.93821
   193	-8.02209
   194	3.39904
   195	-25.7261
   196	-60.8206
   197	-33.6715
   198	-84.6465
   199	-66.2015
   200	-43.3647
   201	1.97182
   202	-36.9349
   203	-23.9969
   204	-27.6245
   205	-7.02653
   206	24.9064
   207	-0.470036
   208	20.66
   209	-2.68481
   210	8.82316
   211	-6.95452
   212	-32.4769
   213	-31.4551
   214	-12.985
   215	-22.5271
   216	7.18635
   217	-3.70921
   218	-12.1585
   219	-29.2936
   220	-44.4769
   221	-73.3291
   222	-47.255
   223	-36.5045
   224	20.0461
   225	36.0653
   226	-1.0496
   227	37.7689
   228	23.3058
   229	17.8875
   230	21.2951
   231	11.0478
   232	16.6448
   233	48.3811
   234	-3.41171
   235	37.7272
   236	15.0518
   237	46.968
   238	64.0248
   239	72.0749
   240	-5.23161
   241	-6.78597
   242	-9.36746
   243	-7.39418
   244	16.0882
   245	-0.064108
   246	-12.229
   247	-7.32121
   248	-16.6442
   249	32.9155
   250	12.2292
   251	-11.0383
   252	16.4179
   253	22.261
   254	7.18805
   255	21.2142
   256	57.8008
   257	10.8794
   258	28.4903
   259	32.7606
   260	-27.9937
   261	-31.6888
   262	-54.3611
   263	-18.5486
   264	34.4881
   265	1.56576
   266	20.442
   267	38.1313
   268	-22.4784
   269	-39.8825
   270	8.25305
   271	-11.475
   272	-22.7448
   273	-29.8241
   274	-17.1102
   275	-25.3995
   276	-12.4911
   277	-9.87443
   278	-1.3733
   279	5.0237
   280	20.0841
   281	22.4054
   282	8.76017
   283	30.0501
   284	-16.453
   285	11.9431
   286	-7.89586
   287	7.15506
   288	13.4053
   289	29.001
   290	26.5891
   291	9.79502
   292	-69.784
   293	-39.9863
   294	-71.6862
   295	-87.1611
   296	-45.3701
   297	-36.7156
   298	-59.136
   299	-4.0224
   300	-19.0245
   301	-43.9066
   302	-17.4001
   303	3.4522
   304	14.5438
   305	38.2291
   306	2.49062
   307	-3.50814
   308	-1.56651
   309	-1.88004
   310	-36.6157
   311	-44.0381
   312	-67.1977
   313	-34.2416
   314	-33.2881
   315	-57.6271
   316	46.8866
   317	50.0109
   318	15.5793
   319	52.2901
   320	-29.7737
   321	-26.7118
   322	8.73385
   323	-20.5284
   324	-1.76398
   325	12.8663
   326	18.9578
   327	-3.7834
   328	-7.99976
   329	-19.8493
   330	-46.0192
   331	-30.2483
   332	8.4207
   333	27.0713
   334	-46.8204
   335	18.55
   336	44.6381
   337	49.7129
   338	64.6785
   339	11.13
   340	46.7747
   341	27.3151
   342	4.91588
   343	26.1055
   344	83.5013
   345	64.7053
   346	57.8938
   347	78.1606
   348	50.307
   349	39.5216
   350	-8.7204
   351	1.41878
   352	48.8749
   353	45.4108
   354	62.3232
   355	14.3991
   356	-2.74042
   357	2.05323
   358	0.481137
   359	-13.5678
   360	-45.8596
   361	-8.64882
   362	12.985
   363	-15.8579
   364	-7.83906
   365	0.921673
   366	-20.2875
   367	-22.5111
   368	-25.335
   369	-17.4209
   370	-18.1489
   371	5.64831
   372	22.8126
   373	-16.6343
   374	23.9837
   375	10.2918
   376	-25.9785
   377	10.4704
   378	-5.04345
   379	7.40781
   380	-24.757
   381	14.3003
   382	17.0702
   383	-15.4453
   384	-46.0239
   385	-27.2924
   386	2.58632
   387	-8.77346
   388	-10.9128
   389	25.3567
   390	-8.75078
   391	0.208653
   392	-62.9692
   393	-57.1046
   394	-40.7615
   395	-29.6471
   396	-11.7516
   397	20.1532
   398	8.47455
   399	9.36418
   400	-5.93352
   401	-11.13
   402	-20.4246
   403	-49.9018
   404	-17.7359
   405	-13.2529
   406	-5.12164
   407	-27.6498
   408	1.83497
   409	13.8374
   410	-0.507445
   411	-11.5038
   412	-47.6702
   413	-30.6635
   414	-42.8104
   415	2.77206
   416	83.7836
   417	50.3039
   418	55.5215
   419	57.1998
   420	60.4501
   421	31.9179
   422	60.4277
   423	15.1018
   424	46.2002
   425	8.58842
   426	20.1058
   427	8.0131
   428	83.7339
   429	93.6901
   430	57.8172
   431	73.8657
   432	0.562625
   433	35.2754
   434	27.4086
   435	7.10254
   436	38.2446
   437	24.9457
   438	34.6143
   439	15.5169
   440	-7.74482
   441	29.7209
   442	1.89159
   443	24.8931
   444	64.6178
   445	15.8333
   446	6.87113
   447	13.0345
   448	-29.5442
   449	6.02969
   450	-40.3731
   451	9.09244
   452	16.2651
   453	5.92777
   454	-8.68214
   455	23.0046
   456	-28.4942
   457	-23.9279
   458	-19.0448
   459	-19.5844
   460	13.4768
   461	-12.8863
   462	10.6123
   463	51.0993
   464	14.2704
   465	28.2398
   466	46.7461
   467	46.0338
   468	-22.5884
   469	11.0517
   470	13.8706
   471	27.7035
   472	-5.22461
   473	11.0989
   474	-26.6006
   475	13.9201
   476	-1.15154
   477	23.8146
   478	23.965
   479	43.707
   480	67.1145
   481	50.2196
   482	25.8517
   483	16.3081
   484	-36.1834
   485	-22.4757
   486	-45.3511
   487	-47.4383
   488	-46.0052
   489	-46.3064
   490	-41.6295
   491	-66.076
   492	-37.3743
   493	-83.1213
   494	-43.0667
   495	-44.5364
   496	-25.844
   497	-5.80778
   498	-9.05077
   499	-6.33452
   500	-72.5169
   501	3.09107
   502	4.83095
   503	4.89268
   504	-20.6281
   505	-47.4297
   506	-45.2148
   507	-25.9356
   508	33.8871
   509	13.5404
   510	13.2794
   511	18.7118
   512	33.0732
   513	41.8717
   514	49.6197
   515	36.4421
   516	76.4768
   517	85.0639
   518	65.2579
   519	49.7978
   520	22.3478
   521	32.8379
   522	32.9155
   523	52.8728
   524	19.9956
   525	9.46039
   526	-9.86941
   527	-21.9216
   528	50.085
   529	71.6897
   530	65.3369
   531	29.2591
   532	16.6597
   533	-9.17312
   534	21.8434
   535	20.899
   536	22.0741
   537	9.51159
   538	6.0862
   539	31.3183
   540	58.5859
   541	40.4866
   542	27.1851
   543	38.5498
   544	55.8708
   545	6.57253
   546	21.3633
   547	18.4916
   548	-26.2315
   549	-0.822464
   550	-8.49489
   551	1.39051
   552	19.9383
   553	-5.32126
   554	31.4418
   555	16.3647
   556	15.9495
   557	-2.10154
   558	-16.9187
   559	12.3905
   560	-16.1052
   561	22.5109
   562	18.261
   563	39.6322
   564	49.1136
   565	49.3185
   566	91.4461
   567	73.7488
   568	57.4797
   569	84.1045
   570	25.1735
   571	2.343
   572	-12.725
   573	-26.6478
   574	-30.6095
   575	-25.5956
   576	27.2678
   577	-6.56366
   578	-1.50642
   579	43.6188
   580	33.4869
   581	57.6919
   582	39.0289
   583	45.0642
   584	1.86628
   585	-62.1131
   586	1.99858
   587	16.0941
   588	-11.5241
   589	-35.5272
   590	19.4982
   591	-27.6422
   592	-0.00859152
   593	10.3616
   594	-13.6188
   595	19.0698
   596	-1.18476
   597	36.0529
   598	-7.99775
   599	-31.4293
   600	13.4125
   601	-9.00837
   602	-41.658
   603	-16.6672
   604	5.14703
   605	-17.1004
   606	-5.08279
   607	-8.37781
   608	-15.6486
   609	-25.9552
   610	3.00758
   611	1.24422
   612	1.55708
   613	33.2788
   614	64.78
   615	31.1576
   616	-12.9208
   617	-9.6383
   618	17.5921
   619	28.0407
   620	40.5941
   621	42.4907
   622	41.0084
   623	19.2618
   624	-16.3828
   625	21.9394
   626	14.2683
   627	49.569
   628	14.84
   629	56.3905
   630	32.3033
   631	34.159
   632	-17.4597
   633	30.6683
   634	20.5412
   635	2.78856
   636	-56.3998
   637	-76.6502
   638	-74.7118
   639	-50.3949
   640	-16.2534
   641	-23.3719
   642	2.12255
   643	-10.8728
   644	25.9692
   645	25.4866
   646	6.07164
   647	34.1638
   648	33.1107
   649	30.1398
   650	39.8243
   651	54.2287
   652	20.7942
   653	12.8694
   654	-10.1046
   655	20.2932
   656	-43.2686
   657	-24.6119
   658	-44.6474
   659	-15.6871
   660	30.9443
   661	23.9435
   662	31.4252
   663	46.2555
   664	37.7085
   665	18.2373
   666	25.6985
   667	16.2024
   668	-18.2037
   669	8.40403
   670	-13.7535
   671	-28.5906
   672	-47.0774
   673	-53.3224
   674	-51.9523
   675	-40.8524
   676	-2.2361
   677	-41.1739
   678	-19.5368
   679	-48.8182
   680	-17.9113
   681	-22.26
   682	-18.3371
   683	-9.03355
   684	-55.3687
   685	-58.5102
   686	-67.7134
   687	-66.1541
   688	31.0582
   689	19.0084
   690	19.1026
   691	47.2188
   692	-35.2096
   693	-7.23564
   694	-7.06589
   695	-5.82606
   696	12.9132
   697	5.03825
   698	28.431
   699	-7.07396
   700	-13.4742
   701	3.49722
   702	-17.4918
   703	-63.7813
   704	35.8335
   705	12.9459
   706	15.7976
   707	8.85306
   708	-6.1767
   709	-23.0632
   710	24.7285
   711	-10.937
   712	-21.8746
   713	4.32917
   714	26.0728
   715	-51.3091
   716	-4.32312
   717	-23.965
   718	-5.55196
   719	-17.2068
   720	49.3247
   721	21.364
   722	55.3806
   723	96.7719
   724	4.33611
   725	-46.138
   726	17.8537
   727	-26.4307
   728	73.8774
   729	73.6332
   730	67.8105
   731	38.2371
   732	14.5031
   733	31.1698
   734	8.9971
   735	33.8349
   736	38.2374
   737	-1.26489
   738	34.9904
   739	28.0711
   740	16.2907
   741	32.8334
   742	39.7928
   743	14.4195
   744	-45.7909
   745	-9.78506
   746	-7.37501
   747	-1.82679
   748	1.61793
   749	2.87525
   750	4.89755
   751	19.723
   752	-66.5106
   753	-6.5169
   754	-25.8015
   755	-41.6143
   756	29.1904
   757	10.3008
   758	14.4101
   759	15.1633
   760	-50.9258
   761	-16.9745
   762	5.31055
   763	8.51482
   764	42.1832
   765	42.3192
   766	11.8474
   767	25.1825
   768	-10.8311
   769	13.1962
   770	18.361
   771	13.6446
   772	85.6232
   773	60.1223
   774	80.6471
   775	63.0206
   776	0.136359
   777	-40.9797
   778	-67.3012
   779	-24.8076
   780	-0.875886
   781	22.8416
   782	18.0776
   783	3.36286
   784	47.3358
   785	17.066
   786	27.3101
   787	57.3606
   788	39.2832
   789	20.5385
   790	41.3186
   791	11.1651
   792	32.0542
   793	19.0267
   794	42.7354
   795	26.915
   796	40.0159
   797	21.2845
   798	29.563
   799	31.1416
   800	49.4325
   801	28.5535
   802	64.9379
   803	43.2024
   804	51.2702
   805	24.3129
   806	28.7545
   807	30.3826
   808	67.4257
   809	60.236
   810	44.9991
   811	43.1247
   812	67.8457
   813	48.8328
   814	70.8338
   815	37.9564
   816	-35.5164
   817	-12.4413
   818	7.21949
   819	-19.7821
   820	-64.0151
   821	-40.7841
   822	-11.5651
   823	-42.0197
   824	25.1557
   825	27.9565
   826	48.5072
   827	29.9299
   828	76.339
   829	64.889
   830	31.1829
   831	50.9193
   832	-22.4685
   833	5.37966
   834	-39.5954
   835	-14.469
   836	26.2212
   837	35.1748
   838	37.3339
   839	14.4184
   840	-101.829
   841	-38.1362
   842	-47.9544
   843	-40.5227
   844	-46.1627
   845	9.40943
   846	-6.04579
   847	9.19299
   848	20.1544
   849	31.5507
   850	28.177
   851	30.4921
   852	10.0737
   853	26.6382
   854	9.03799
   855	-6.24033
   856	-50.5318
   857	-39.2158
   858	-18.448
   859	-35.0622
   860	24.4731
   861	21.6279
   862	36.9771
   863	16.1542
   864	-66.2659
   865	-30.3852
   866	-51.5281
   867	-35.8794
   868	-30.8156
   869	-7.78421
   870	-24.9806
   871	-59.9555
   872	-23.7116
   873	-11.8906
   874	-7.7961
   875	23.0567
   876	-10.7611
   877	44.2572
   878	4.91041
   879	-12.7513
   880	15.0739
   881	8.69604
   882	33.8202
   883	15.0141
   884	14.9801
   885	-6.85958
   886	-5.29233
   887	5.06752
   888	10.6517
   889	-17.9485
   890	14.8109
   891	70.2177
   892	60.7522
   893	43.2356
   894	32.8855
   895	69.627
   896	-33.7286
   897	-7.44799
   898	17.7576
   899	-23.7136
   900	33.9103
   901	41.5093
   902	18.4647
   903	36.0849
   904	-46.1582
   905	-58.1458
   906	-74.3505
   907	-65.815
   908	14.999
   909	-4.84467
   910	-3.50742
   911	14.6239
   912	65.011
   913	44.1852
   914	14.8052
   915	59.7213
   916	-13.1313
   917	-16.3045
   918	13.421
   919	-34.0937
   920	59.1998
   921	50.0375
   922	30.8089
   923	54.0141
   924	1.86124
   925	25.5027
   926	-10.9738
   927	17.1365
   928	13.8229
   929	35.8174
   930	32.913
   931	12.4918
   932	15.4147
   933	14.1913
   934	19.4386
   935	-19.5086
   936	-13.316
   937	-7.42051
   938	-26.9891
   939	21.4515
   940	24.2491
   941	4.9043
   942	30.68
   943	36.0267
   944	-5.39648
   945	-32.7278
   946	-10.2656
   947	-4.82824
   948	-43.7199
   949	-63.4518
   950	-33.3569
   951	-52.0836
   952	-11.1174
   953	23.8521
   954	-48.2709
   955	13.0988
   956	-2.8551
   957	42.0755
   958	-10.017
   959	7.71326
