0 0 0 0 0 0.000000
11 0 0 0 11 0.001047
26 0 0 0 26 0.000000
27 0 0 0 27 0.000000
35 0 0 0 35 0.000000
36 0 0 0 36 0.000087
39 0 0 0 39 0.000000
44 0 0 0 44 0.000000
45 0 0 0 45 0.000000
46 0 0 0 46 0.000000
47 0 0 0 47 0.000000
50 0 0 0 50 0.000000
60 0 0 0 60 0.000596
105 0 0 1 25 0.008204
106 0 0 1 26 0.000000
107 0 0 1 27 0.000000
109 0 0 1 29 0.000509
116 0 0 1 36 0.000276
124 0 0 1 44 0.000000
125 0 0 1 45 0.000000
126 0 0 1 46 0.000000
127 0 0 1 47 0.000000
139 0 0 1 59 0.003782
160 0 0 2 0 0.000000
186 0 0 2 26 0.000000
187 0 0 2 27 0.000000
188 0 0 2 28 0.000698
196 0 0 2 36 0.000582
204 0 0 2 44 0.000000
205 0 0 2 45 0.000000
206 0 0 2 46 0.000000
207 0 0 2 47 0.000000
219 0 0 2 59 0.000436
265 0 0 3 25 0.009746
266 0 0 3 26 0.000000
267 0 0 3 27 0.000000
284 0 0 3 44 0.000000
285 0 0 3 45 0.000000
286 0 0 3 46 0.000000
287 0 0 3 47 0.000000
320 0 0 4 0 0.000000
342 0 0 4 22 0.003200
346 0 0 4 26 0.000000
347 0 0 4 27 0.000000
348 0 0 4 28 0.000305
359 0 0 4 39 0.000000
364 0 0 4 44 0.000000
365 0 0 4 45 0.000000
366 0 0 4 46 0.000000
367 0 0 4 47 0.000000
379 0 0 4 59 0.004931
426 0 0 5 26 0.000000
427 0 0 5 27 0.000000
444 0 0 5 44 0.000000
445 0 0 5 45 0.000000
446 0 0 5 46 0.000000
447 0 0 5 47 0.000000
464 0 0 5 64 0.000000
480 0 0 6 0 0.000000
505 0 0 6 25 0.000669
506 0 0 6 26 0.000000
507 0 0 6 27 0.000000
524 0 0 6 44 0.000000
525 0 0 6 45 0.000000
526 0 0 6 46 0.000000
527 0 0 6 47 0.000000
560 0 0 7 0 0.000044
562 0 0 7 2 0.000000
586 0 0 7 26 0.000000
587 0 0 7 27 0.000000
604 0 0 7 44 0.000000
605 0 0 7 45 0.000000
606 0 0 7 46 0.000000
607 0 0 7 47 0.000000
624 0 0 7 64 0.000000
640 0 0 8 0 0.000000
666 0 0 8 26 0.000000
667 0 0 8 27 0.000000
668 0 0 8 28 0.000000
679 0 0 8 39 0.000000
684 0 0 8 44 0.000000
685 0 0 8 45 0.000000
686 0 0 8 46 0.000000
687 0 0 8 47 0.000000
699 0 0 8 59 0.005077
708 0 0 8 68 0.000000
720 0 0 9 0 0.000058
746 0 0 9 26 0.000000
747 0 0 9 27 0.000000
748 0 0 9 28 0.000000
764 0 0 9 44 0.000000
765 0 0 9 45 0.000000
766 0 0 9 46 0.000000
767 0 0 9 47 0.000000
779 0 0 9 59 0.000276
800 0 0 10 0 0.000000
826 0 0 10 26 0.000000
827 0 0 10 27 0.000000
828 0 0 10 28 0.000000
844 0 0 10 44 0.000000
845 0 0 10 45 0.000000
846 0 0 10 46 0.000000
847 0 0 10 47 0.000000
906 0 0 11 26 0.000000
907 0 0 11 27 0.000000
908 0 0 11 28 0.000000
912 0 0 11 32 0.000000
924 0 0 11 44 0.000000
925 0 0 11 45 0.000000
926 0 0 11 46 0.000000
927 0 0 11 47 0.000000
960 0 0 12 0 0.000000
961 0 0 12 1 0.000000
962 0 0 12 2 0.000000
963 0 0 12 3 0.000000
975 0 0 12 15 0.000000
986 0 0 12 26 0.000000
987 0 0 12 27 0.000000
999 0 0 12 39 0.000000
1004 0 0 12 44 0.000000
1005 0 0 12 45 0.000000
1006 0 0 12 46 0.000000
1007 0 0 12 47 0.000000
1016 0 0 12 56 0.000000
1017 0 0 12 57 0.000000
1018 0 0 12 58 0.000000
1019 0 0 12 59 0.000000
1040 0 0 13 0 0.000000
1041 0 0 13 1 0.000000
1042 0 0 13 2 0.000000
1043 0 0 13 3 0.000000
1055 0 0 13 15 0.000000
1066 0 0 13 26 0.000000
1067 0 0 13 27 0.000000
1079 0 0 13 39 0.000000
1084 0 0 13 44 0.000000
1085 0 0 13 45 0.000000
1086 0 0 13 46 0.000000
1087 0 0 13 47 0.000000
1096 0 0 13 56 0.000000
1097 0 0 13 57 0.000000
1098 0 0 13 58 0.000000
1099 0 0 13 59 0.000000
1120 0 0 14 0 0.000000
1121 0 0 14 1 0.000000
1122 0 0 14 2 0.000000
1123 0 0 14 3 0.000000
1135 0 0 14 15 0.000000
1146 0 0 14 26 0.000000
1147 0 0 14 27 0.000000
1164 0 0 14 44 0.000000
1165 0 0 14 45 0.000000
1166 0 0 14 46 0.000000
1167 0 0 14 47 0.000000
1176 0 0 14 56 0.000000
1177 0 0 14 57 0.000000
1178 0 0 14 58 0.000000
1179 0 0 14 59 0.000000
1186 0 0 14 66 0.002604
1200 0 0 15 0 0.000000
1201 0 0 15 1 0.000000
1202 0 0 15 2 0.000000
1203 0 0 15 3 0.000000
1213 0 0 15 13 0.004102
1215 0 0 15 15 0.000000
1226 0 0 15 26 0.000000
1227 0 0 15 27 0.000000
1244 0 0 15 44 0.000000
1245 0 0 15 45 0.000000
1246 0 0 15 46 0.000000
1247 0 0 15 47 0.000000
1256 0 0 15 56 0.000000
1257 0 0 15 57 0.000000
1258 0 0 15 58 0.000000
1259 0 0 15 59 0.000000
1295 0 0 16 15 0.000000
1306 0 0 16 26 0.000000
1307 0 0 16 27 0.000000
1319 0 0 16 39 0.000000
1324 0 0 16 44 0.000000
1325 0 0 16 45 0.000000
1326 0 0 16 46 0.000000
1327 0 0 16 47 0.000000
1336 0 0 16 56 0.000000
1337 0 0 16 57 0.000000
1338 0 0 16 58 0.000000
1339 0 0 16 59 0.000000
1351 0 0 16 71 0.003404
1356 0 0 16 76 0.000000
1357 0 0 16 77 0.000000
1358 0 0 16 78 0.000000
1359 0 0 16 79 0.000000
1361 0 0 17 1 0.000000
1375 0 0 17 15 0.000000
1386 0 0 17 26 0.000000
1387 0 0 17 27 0.000000
1404 0 0 17 44 0.000000
1405 0 0 17 45 0.000000
1406 0 0 17 46 0.000000
1407 0 0 17 47 0.000000
1416 0 0 17 56 0.000000
1417 0 0 17 57 0.000000
1418 0 0 17 58 0.000000
1419 0 0 17 59 0.000000
1436 0 0 17 76 0.000000
1437 0 0 17 77 0.000000
1438 0 0 17 78 0.000000
1439 0 0 17 79 0.000000
1441 0 0 18 1 0.000000
1455 0 0 18 15 0.000000
1466 0 0 18 26 0.000000
1467 0 0 18 27 0.000000
1471 0 0 18 31 0.000000
1484 0 0 18 44 0.000000
1485 0 0 18 45 0.000000
1486 0 0 18 46 0.000000
1487 0 0 18 47 0.000000
1496 0 0 18 56 0.000000
1497 0 0 18 57 0.000000
1498 0 0 18 58 0.000000
1499 0 0 18 59 0.000000
1514 0 0 18 74 0.000000
1516 0 0 18 76 0.000000
1517 0 0 18 77 0.000000
1518 0 0 18 78 0.000000
1519 0 0 18 79 0.000000
1521 0 0 19 1 0.000000
1524 0 0 19 4 0.000000
1535 0 0 19 15 0.000000
1546 0 0 19 26 0.000000
1547 0 0 19 27 0.000000
1564 0 0 19 44 0.000000
1565 0 0 19 45 0.000000
1566 0 0 19 46 0.000000
1567 0 0 19 47 0.000000
1576 0 0 19 56 0.000000
1577 0 0 19 57 0.000000
1578 0 0 19 58 0.000000
1579 0 0 19 59 0.000000
1594 0 0 19 74 0.000000
1596 0 0 19 76 0.000000
1597 0 0 19 77 0.000000
1598 0 0 19 78 0.000000
1599 0 0 19 79 0.000000
1600 0 0 20 0 0.000000
1624 0 0 20 24 0.000000
1626 0 0 20 26 0.000000
1627 0 0 20 27 0.000000
1636 0 0 20 36 0.000000
1639 0 0 20 39 0.000000
1644 0 0 20 44 0.000000
1645 0 0 20 45 0.000000
1646 0 0 20 46 0.000000
1647 0 0 20 47 0.000000
1661 0 0 20 61 0.000058
1672 0 0 20 72 0.000829
1673 0 0 20 73 0.000160
1674 0 0 20 74 0.000247
1675 0 0 20 75 0.000727
1695 0 0 21 15 0.000000
1704 0 0 21 24 0.000000
1706 0 0 21 26 0.000000
1707 0 0 21 27 0.000000
1708 0 0 21 28 0.000000
1711 0 0 21 31 0.000000
1716 0 0 21 36 0.000000
1719 0 0 21 39 0.000000
1724 0 0 21 44 0.000000
1725 0 0 21 45 0.000000
1726 0 0 21 46 0.000000
1727 0 0 21 47 0.000000
1741 0 0 21 61 0.000116
1752 0 0 21 72 0.000524
1753 0 0 21 73 0.000218
1754 0 0 21 74 0.000233
1755 0 0 21 75 0.000480
1760 0 0 22 0 0.000000
1784 0 0 22 24 0.000000
1786 0 0 22 26 0.000000
1787 0 0 22 27 0.000000
1799 0 0 22 39 0.000000
1804 0 0 22 44 0.000000
1805 0 0 22 45 0.000000
1806 0 0 22 46 0.000000
1807 0 0 22 47 0.000000
1821 0 0 22 61 0.000087
1832 0 0 22 72 0.000727
1833 0 0 22 73 0.000204
1834 0 0 22 74 0.000116
1835 0 0 22 75 0.000538
1864 0 0 23 24 0.000000
1866 0 0 23 26 0.000000
1867 0 0 23 27 0.000000
1876 0 0 23 36 0.000247
1879 0 0 23 39 0.000000
1884 0 0 23 44 0.000000
1885 0 0 23 45 0.000000
1886 0 0 23 46 0.000000
1887 0 0 23 47 0.000000
1895 0 0 23 55 0.007913
1901 0 0 23 61 0.000102
1907 0 0 23 67 0.000000
1912 0 0 23 72 0.000698
1913 0 0 23 73 0.000160
1914 0 0 23 74 0.000160
1915 0 0 23 75 0.000567
1920 0 0 24 0 0.000000
1931 0 0 24 11 0.000160
1944 0 0 24 24 0.000000
1946 0 0 24 26 0.000000
1947 0 0 24 27 0.000000
1958 0 0 24 38 0.000000
1959 0 0 24 39 0.000000
1964 0 0 24 44 0.000000
1965 0 0 24 45 0.000000
1966 0 0 24 46 0.000000
1967 0 0 24 47 0.000000
1975 0 0 24 55 0.000015
1981 0 0 24 61 0.000073
1992 0 0 24 72 0.000451
1993 0 0 24 73 0.000131
1994 0 0 24 74 0.000189
1995 0 0 24 75 0.000393
2024 0 0 25 24 0.000000
2026 0 0 25 26 0.000000
2027 0 0 25 27 0.000000
2038 0 0 25 38 0.000000
2039 0 0 25 39 0.000000
2044 0 0 25 44 0.000000
2045 0 0 25 45 0.000000
2046 0 0 25 46 0.000000
2047 0 0 25 47 0.000000
2055 0 0 25 55 0.001295
2061 0 0 25 61 0.000087
2072 0 0 25 72 0.000727
2073 0 0 25 73 0.000116
2074 0 0 25 74 0.000262
2075 0 0 25 75 0.000509
2080 0 0 26 0 0.000000
2083 0 0 26 3 0.000000
2089 0 0 26 9 0.006837
2094 0 0 26 14 0.000000
2104 0 0 26 24 0.000000
2106 0 0 26 26 0.000000
2107 0 0 26 27 0.000000
2108 0 0 26 28 0.000000
2118 0 0 26 38 0.000000
2119 0 0 26 39 0.000000
2124 0 0 26 44 0.000000
2125 0 0 26 45 0.000000
2126 0 0 26 46 0.000000
2127 0 0 26 47 0.000000
2135 0 0 26 55 0.000015
2141 0 0 26 61 0.000102
2152 0 0 26 72 0.000451
2153 0 0 26 73 0.000073
2154 0 0 26 74 0.000087
2155 0 0 26 75 0.000320
2171 0 0 27 11 0.000567
2184 0 0 27 24 0.000000
2186 0 0 27 26 0.000000
2187 0 0 27 27 0.000000
2188 0 0 27 28 0.000000
2198 0 0 27 38 0.000000
2199 0 0 27 39 0.000000
2204 0 0 27 44 0.000000
2205 0 0 27 45 0.000000
2206 0 0 27 46 0.000000
2207 0 0 27 47 0.000000
2215 0 0 27 55 0.000189
2221 0 0 27 61 0.000189
2232 0 0 27 72 0.000858
2233 0 0 27 73 0.000291
2234 0 0 27 74 0.000262
2235 0 0 27 75 0.000582
2240 0 0 28 0 0.000000
2264 0 0 28 24 0.000000
2266 0 0 28 26 0.000000
2267 0 0 28 27 0.000000
2279 0 0 28 39 0.000000
2284 0 0 28 44 0.000000
2285 0 0 28 45 0.000000
2286 0 0 28 46 0.000000
2287 0 0 28 47 0.000000
2295 0 0 28 55 0.000058
2301 0 0 28 61 0.000058
2312 0 0 28 72 0.000218
2313 0 0 28 73 0.000087
2314 0 0 28 74 0.000073
2315 0 0 28 75 0.000364
2344 0 0 29 24 0.000000
2346 0 0 29 26 0.000000
2347 0 0 29 27 0.000000
2359 0 0 29 39 0.000000
2364 0 0 29 44 0.000000
2365 0 0 29 45 0.000000
2366 0 0 29 46 0.000000
2367 0 0 29 47 0.000000
2381 0 0 29 61 0.000291
2392 0 0 29 72 0.000509
2393 0 0 29 73 0.000233
2394 0 0 29 74 0.000116
2395 0 0 29 75 0.000509
2400 0 0 30 0 0.000000
2403 0 0 30 3 0.000000
2424 0 0 30 24 0.000000
2426 0 0 30 26 0.000000
2427 0 0 30 27 0.000000
2431 0 0 30 31 0.000000
2439 0 0 30 39 0.000000
2444 0 0 30 44 0.000000
2445 0 0 30 45 0.000000
2446 0 0 30 46 0.000000
2447 0 0 30 47 0.000000
2455 0 0 30 55 0.000480
2461 0 0 30 61 0.000509
2472 0 0 30 72 0.000524
2473 0 0 30 73 0.000262
2474 0 0 30 74 0.000145
2475 0 0 30 75 0.000509
2504 0 0 31 24 0.000000
2506 0 0 31 26 0.000000
2507 0 0 31 27 0.000000
2519 0 0 31 39 0.000000
2524 0 0 31 44 0.000000
2525 0 0 31 45 0.000000
2526 0 0 31 46 0.000000
2527 0 0 31 47 0.000000
2535 0 0 31 55 0.008408
2541 0 0 31 61 0.000480
2552 0 0 31 72 0.000422
2553 0 0 31 73 0.000204
2554 0 0 31 74 0.000145
2555 0 0 31 75 0.000495
2560 0 0 32 0 0.000000
2561 0 0 32 1 0.000000
2562 0 0 32 2 0.000000
2563 0 0 32 3 0.000000
2568 0 0 32 8 0.000000
2569 0 0 32 9 0.000000
2570 0 0 32 10 0.000000
2571 0 0 32 11 0.000000
2572 0 0 32 12 0.000000
2573 0 0 32 13 0.000000
2574 0 0 32 14 0.000000
2575 0 0 32 15 0.000000
2576 0 0 32 16 0.000000
2577 0 0 32 17 0.000000
2578 0 0 32 18 0.000000
2579 0 0 32 19 0.000000
2580 0 0 32 20 0.000000
2581 0 0 32 21 0.000000
2582 0 0 32 22 0.000000
2583 0 0 32 23 0.000000
2584 0 0 32 24 0.000000
2585 0 0 32 25 0.000102
2586 0 0 32 26 0.000000
2587 0 0 32 27 0.000000
2588 0 0 32 28 0.000189
2592 0 0 32 32 0.000000
2593 0 0 32 33 0.000000
2594 0 0 32 34 0.000000
2595 0 0 32 35 0.000000
2599 0 0 32 39 0.000000
2604 0 0 32 44 0.000000
2605 0 0 32 45 0.000000
2606 0 0 32 46 0.000000
2607 0 0 32 47 0.000000
2608 0 0 32 48 0.000829
2609 0 0 32 49 0.000771
2610 0 0 32 50 0.000233
2611 0 0 32 51 0.000218
2612 0 0 32 52 0.000247
2613 0 0 32 53 0.000160
2614 0 0 32 54 0.000189
2615 0 0 32 55 0.000465
2620 0 0 32 60 0.000713
2621 0 0 32 61 0.000786
2622 0 0 32 62 0.000291
2623 0 0 32 63 0.000000
2624 0 0 32 64 0.000000
2625 0 0 32 65 0.000000
2626 0 0 32 66 0.000000
2627 0 0 32 67 0.000000
2628 0 0 32 68 0.000000
2629 0 0 32 69 0.000000
2630 0 0 32 70 0.000000
2631 0 0 32 71 0.000000
2632 0 0 32 72 0.000000
2633 0 0 32 73 0.000000
2634 0 0 32 74 0.000000
2635 0 0 32 75 0.000000
2636 0 0 32 76 0.000000
2637 0 0 32 77 0.000029
2638 0 0 32 78 0.000393
2639 0 0 32 79 0.000000
2640 0 0 33 0 0.000000
2641 0 0 33 1 0.000000
2642 0 0 33 2 0.000000
2643 0 0 33 3 0.000000
2648 0 0 33 8 0.000000
2649 0 0 33 9 0.000000
2650 0 0 33 10 0.000000
2651 0 0 33 11 0.000000
2652 0 0 33 12 0.000000
2653 0 0 33 13 0.000000
2654 0 0 33 14 0.000000
2655 0 0 33 15 0.000000
2656 0 0 33 16 0.000000
2657 0 0 33 17 0.000000
2658 0 0 33 18 0.000000
2659 0 0 33 19 0.000000
2660 0 0 33 20 0.000000
2661 0 0 33 21 0.000000
2662 0 0 33 22 0.000000
2663 0 0 33 23 0.000000
2664 0 0 33 24 0.000000
2665 0 0 33 25 0.000058
2666 0 0 33 26 0.000000
2667 0 0 33 27 0.000000
2672 0 0 33 32 0.000000
2673 0 0 33 33 0.000000
2674 0 0 33 34 0.000000
2675 0 0 33 35 0.000000
2684 0 0 33 44 0.000000
2685 0 0 33 45 0.000000
2686 0 0 33 46 0.000000
2687 0 0 33 47 0.000000
2688 0 0 33 48 0.000524
2689 0 0 33 49 0.000553
2690 0 0 33 50 0.000189
2691 0 0 33 51 0.000189
2692 0 0 33 52 0.000247
2693 0 0 33 53 0.000145
2694 0 0 33 54 0.000145
2695 0 0 33 55 0.000364
2700 0 0 33 60 0.000553
2701 0 0 33 61 0.000625
2702 0 0 33 62 0.000247
2703 0 0 33 63 0.000000
2704 0 0 33 64 0.000000
2705 0 0 33 65 0.000000
2706 0 0 33 66 0.000000
2707 0 0 33 67 0.000000
2708 0 0 33 68 0.000000
2709 0 0 33 69 0.000000
2710 0 0 33 70 0.000000
2711 0 0 33 71 0.000000
2712 0 0 33 72 0.000000
2713 0 0 33 73 0.000000
2714 0 0 33 74 0.000000
2715 0 0 33 75 0.000000
2716 0 0 33 76 0.000000
2717 0 0 33 77 0.000000
2718 0 0 33 78 0.000160
2719 0 0 33 79 0.000000
2720 0 0 34 0 0.000000
2721 0 0 34 1 0.000000
2722 0 0 34 2 0.000000
2723 0 0 34 3 0.000000
2728 0 0 34 8 0.000000
2729 0 0 34 9 0.000000
2730 0 0 34 10 0.000000
2731 0 0 34 11 0.000000
2732 0 0 34 12 0.000000
2733 0 0 34 13 0.000000
2734 0 0 34 14 0.000000
2735 0 0 34 15 0.000000
2736 0 0 34 16 0.000000
2737 0 0 34 17 0.000000
2738 0 0 34 18 0.000000
2739 0 0 34 19 0.000000
2740 0 0 34 20 0.000000
2741 0 0 34 21 0.000000
2742 0 0 34 22 0.000000
2743 0 0 34 23 0.000000
2744 0 0 34 24 0.000000
2745 0 0 34 25 0.000160
2746 0 0 34 26 0.000000
2747 0 0 34 27 0.000000
2752 0 0 34 32 0.000000
2753 0 0 34 33 0.000000
2754 0 0 34 34 0.000000
2755 0 0 34 35 0.000000
2764 0 0 34 44 0.000000
2765 0 0 34 45 0.000000
2766 0 0 34 46 0.000000
2767 0 0 34 47 0.000000
2768 0 0 34 48 0.000800
2769 0 0 34 49 0.000698
2770 0 0 34 50 0.000233
2771 0 0 34 51 0.000305
2772 0 0 34 52 0.000000
2773 0 0 34 53 0.000145
2774 0 0 34 54 0.000218
2775 0 0 34 55 0.000305
2780 0 0 34 60 0.000000
2781 0 0 34 61 0.001207
2782 0 0 34 62 0.000305
2783 0 0 34 63 0.000000
2784 0 0 34 64 0.000000
2785 0 0 34 65 0.000000
2786 0 0 34 66 0.000000
2787 0 0 34 67 0.000000
2788 0 0 34 68 0.000000
2789 0 0 34 69 0.000000
2790 0 0 34 70 0.000000
2791 0 0 34 71 0.000000
2792 0 0 34 72 0.000000
2793 0 0 34 73 0.000000
2794 0 0 34 74 0.000000
2795 0 0 34 75 0.000000
2796 0 0 34 76 0.000000
2797 0 0 34 77 0.000044
2798 0 0 34 78 0.000393
2799 0 0 34 79 0.000000
2800 0 0 35 0 0.000000
2801 0 0 35 1 0.000000
2802 0 0 35 2 0.000000
2803 0 0 35 3 0.000000
2808 0 0 35 8 0.000000
2809 0 0 35 9 0.000000
2810 0 0 35 10 0.000000
2811 0 0 35 11 0.000000
2812 0 0 35 12 0.000000
2813 0 0 35 13 0.000000
2814 0 0 35 14 0.000000
2815 0 0 35 15 0.000000
2816 0 0 35 16 0.000000
2817 0 0 35 17 0.000000
2818 0 0 35 18 0.000000
2819 0 0 35 19 0.000000
2820 0 0 35 20 0.000000
2821 0 0 35 21 0.000000
2822 0 0 35 22 0.000000
2823 0 0 35 23 0.000000
2824 0 0 35 24 0.000000
2825 0 0 35 25 0.000116
2826 0 0 35 26 0.000000
2827 0 0 35 27 0.000000
2832 0 0 35 32 0.000000
2833 0 0 35 33 0.000000
2834 0 0 35 34 0.000000
2835 0 0 35 35 0.000000
2844 0 0 35 44 0.000000
2845 0 0 35 45 0.000000
2846 0 0 35 46 0.000000
2847 0 0 35 47 0.000000
2848 0 0 35 48 0.001033
2849 0 0 35 49 0.000916
2850 0 0 35 50 0.000436
2851 0 0 35 51 0.000422
2852 0 0 35 52 0.000044
2853 0 0 35 53 0.000233
2854 0 0 35 54 0.000175
2855 0 0 35 55 0.000596
2860 0 0 35 60 0.000000
2861 0 0 35 61 0.000000
2862 0 0 35 62 0.000320
2863 0 0 35 63 0.000000
2864 0 0 35 64 0.000000
2865 0 0 35 65 0.000000
2866 0 0 35 66 0.000000
2867 0 0 35 67 0.000000
2868 0 0 35 68 0.000000
2869 0 0 35 69 0.000000
2870 0 0 35 70 0.000000
2871 0 0 35 71 0.000000
2872 0 0 35 72 0.000000
2873 0 0 35 73 0.000000
2874 0 0 35 74 0.000000
2875 0 0 35 75 0.000000
2876 0 0 35 76 0.000000
2877 0 0 35 77 0.000044
2878 0 0 35 78 0.000393
2879 0 0 35 79 0.000000
2880 0 0 36 0 0.000000
2881 0 0 36 1 0.000000
2882 0 0 36 2 0.000000
2883 0 0 36 3 0.000000
2884 0 0 36 4 0.000000
2885 0 0 36 5 0.000000
2886 0 0 36 6 0.000000
2887 0 0 36 7 0.000000
2888 0 0 36 8 0.000000
2889 0 0 36 9 0.000000
2890 0 0 36 10 0.000000
2891 0 0 36 11 0.000000
2892 0 0 36 12 0.000000
2893 0 0 36 13 0.000000
2894 0 0 36 14 0.000000
2895 0 0 36 15 0.000000
2896 0 0 36 16 0.000000
2897 0 0 36 17 0.000000
2898 0 0 36 18 0.000000
2899 0 0 36 19 0.000000
2904 0 0 36 24 0.000000
2905 0 0 36 25 0.000000
2906 0 0 36 26 0.000000
2907 0 0 36 27 0.000000
2908 0 0 36 28 0.000000
2909 0 0 36 29 0.000000
2910 0 0 36 30 0.000000
2911 0 0 36 31 0.000000
2919 0 0 36 39 0.000000
2920 0 0 36 40 0.000145
2921 0 0 36 41 0.000407
2922 0 0 36 42 0.000175
2923 0 0 36 43 0.000189
2924 0 0 36 44 0.000000
2925 0 0 36 45 0.000000
2926 0 0 36 46 0.000000
2927 0 0 36 47 0.000000
2932 0 0 36 52 0.000000
2933 0 0 36 53 0.000000
2934 0 0 36 54 0.000000
2935 0 0 36 55 0.000116
2936 0 0 36 56 0.000000
2937 0 0 36 57 0.000000
2938 0 0 36 58 0.000000
2939 0 0 36 59 0.000000
2940 0 0 36 60 0.000000
2941 0 0 36 61 0.000000
2942 0 0 36 62 0.000000
2943 0 0 36 63 0.000000
2944 0 0 36 64 0.000000
2945 0 0 36 65 0.000000
2946 0 0 36 66 0.000000
2947 0 0 36 67 0.000000
2948 0 0 36 68 0.000000
2949 0 0 36 69 0.000000
2950 0 0 36 70 0.000000
2951 0 0 36 71 0.000000
2952 0 0 36 72 0.000000
2953 0 0 36 73 0.000000
2954 0 0 36 74 0.000000
2955 0 0 36 75 0.000000
2956 0 0 36 76 0.000000
2957 0 0 36 77 0.000000
2958 0 0 36 78 0.000000
2959 0 0 36 79 0.000000
2960 0 0 37 0 0.000000
2961 0 0 37 1 0.000000
2962 0 0 37 2 0.000000
2963 0 0 37 3 0.000000
2964 0 0 37 4 0.000000
2965 0 0 37 5 0.000000
2966 0 0 37 6 0.000000
2967 0 0 37 7 0.000000
2968 0 0 37 8 0.000000
2969 0 0 37 9 0.000000
2970 0 0 37 10 0.000000
2971 0 0 37 11 0.000000
2972 0 0 37 12 0.000000
2973 0 0 37 13 0.000000
2974 0 0 37 14 0.000000
2975 0 0 37 15 0.000000
2976 0 0 37 16 0.000000
2977 0 0 37 17 0.000000
2978 0 0 37 18 0.000000
2979 0 0 37 19 0.000000
2984 0 0 37 24 0.000000
2985 0 0 37 25 0.000000
2986 0 0 37 26 0.000000
2987 0 0 37 27 0.000000
2988 0 0 37 28 0.000000
2989 0 0 37 29 0.000000
2990 0 0 37 30 0.000000
2991 0 0 37 31 0.000000
3000 0 0 37 40 0.000029
3001 0 0 37 41 0.000044
3002 0 0 37 42 0.000015
3003 0 0 37 43 0.000015
3004 0 0 37 44 0.000000
3005 0 0 37 45 0.000000
3006 0 0 37 46 0.000000
3007 0 0 37 47 0.000000
3008 0 0 37 48 0.000000
3012 0 0 37 52 0.000000
3013 0 0 37 53 0.000015
3014 0 0 37 54 0.000000
3015 0 0 37 55 0.000116
3016 0 0 37 56 0.000000
3017 0 0 37 57 0.000000
3018 0 0 37 58 0.000000
3019 0 0 37 59 0.000000
3020 0 0 37 60 0.000000
3021 0 0 37 61 0.000000
3022 0 0 37 62 0.000000
3023 0 0 37 63 0.000000
3024 0 0 37 64 0.000000
3025 0 0 37 65 0.000000
3026 0 0 37 66 0.000000
3027 0 0 37 67 0.000000
3028 0 0 37 68 0.000000
3029 0 0 37 69 0.000000
3030 0 0 37 70 0.000000
3031 0 0 37 71 0.000000
3032 0 0 37 72 0.000000
3033 0 0 37 73 0.000000
3034 0 0 37 74 0.000000
3035 0 0 37 75 0.000000
3036 0 0 37 76 0.000000
3037 0 0 37 77 0.000000
3038 0 0 37 78 0.000000
3039 0 0 37 79 0.000000
3040 0 0 38 0 0.000000
3041 0 0 38 1 0.000000
3042 0 0 38 2 0.000000
3043 0 0 38 3 0.000000
3044 0 0 38 4 0.000000
3045 0 0 38 5 0.000000
3046 0 0 38 6 0.000000
3047 0 0 38 7 0.000000
3048 0 0 38 8 0.000000
3049 0 0 38 9 0.000000
3050 0 0 38 10 0.000000
3051 0 0 38 11 0.000000
3052 0 0 38 12 0.000000
3053 0 0 38 13 0.000000
3054 0 0 38 14 0.000000
3055 0 0 38 15 0.000000
3056 0 0 38 16 0.000000
3057 0 0 38 17 0.000000
3058 0 0 38 18 0.000000
3059 0 0 38 19 0.000000
3060 0 0 38 20 0.000000
3061 0 0 38 21 0.000000
3062 0 0 38 22 0.000000
3063 0 0 38 23 0.000000
3064 0 0 38 24 0.000000
3065 0 0 38 25 0.000000
3066 0 0 38 26 0.000000
3067 0 0 38 27 0.000000
3068 0 0 38 28 0.000000
3069 0 0 38 29 0.000000
3070 0 0 38 30 0.000000
3071 0 0 38 31 0.000000
3072 0 0 38 32 0.000000
3073 0 0 38 33 0.000000
3074 0 0 38 34 0.000000
3075 0 0 38 35 0.000000
3076 0 0 38 36 0.000000
3077 0 0 38 37 0.000000
3078 0 0 38 38 0.000000
3079 0 0 38 39 0.000000
3080 0 0 38 40 0.000000
3081 0 0 38 41 0.000000
3082 0 0 38 42 0.000000
3083 0 0 38 43 0.000000
3084 0 0 38 44 0.000000
3085 0 0 38 45 0.000000
3086 0 0 38 46 0.000000
3087 0 0 38 47 0.000000
3088 0 0 38 48 0.000000
3089 0 0 38 49 0.000000
3090 0 0 38 50 0.000000
3091 0 0 38 51 0.000000
3092 0 0 38 52 0.000000
3093 0 0 38 53 0.000000
3094 0 0 38 54 0.000000
3095 0 0 38 55 0.000000
3096 0 0 38 56 0.000000
3097 0 0 38 57 0.000000
3098 0 0 38 58 0.000000
3099 0 0 38 59 0.000000
3100 0 0 38 60 0.000000
3101 0 0 38 61 0.000000
3102 0 0 38 62 0.000000
3103 0 0 38 63 0.000000
3104 0 0 38 64 0.000000
3105 0 0 38 65 0.000000
3106 0 0 38 66 0.000000
3107 0 0 38 67 0.000000
3108 0 0 38 68 0.000000
3109 0 0 38 69 0.000000
3110 0 0 38 70 0.000000
3111 0 0 38 71 0.000000
3112 0 0 38 72 0.000000
3113 0 0 38 73 0.000000
3114 0 0 38 74 0.000000
3115 0 0 38 75 0.000000
3116 0 0 38 76 0.000000
3117 0 0 38 77 0.000000
3118 0 0 38 78 0.000000
3119 0 0 38 79 0.000000
3120 0 0 39 0 0.000000
3121 0 0 39 1 0.000000
3122 0 0 39 2 0.000000
3123 0 0 39 3 0.000000
3124 0 0 39 4 0.000000
3125 0 0 39 5 0.000000
3126 0 0 39 6 0.000000
3127 0 0 39 7 0.000000
3128 0 0 39 8 0.000000
3129 0 0 39 9 0.000000
3130 0 0 39 10 0.000000
3131 0 0 39 11 0.000000
3132 0 0 39 12 0.000000
3133 0 0 39 13 0.000000
3134 0 0 39 14 0.000000
3135 0 0 39 15 0.000000
3136 0 0 39 16 0.000000
3137 0 0 39 17 0.000000
3138 0 0 39 18 0.000000
3139 0 0 39 19 0.000000
3140 0 0 39 20 0.000000
3141 0 0 39 21 0.000000
3142 0 0 39 22 0.000000
3143 0 0 39 23 0.000000
3144 0 0 39 24 0.000000
3145 0 0 39 25 0.000000
3146 0 0 39 26 0.000000
3147 0 0 39 27 0.000000
3148 0 0 39 28 0.000000
3149 0 0 39 29 0.000000
3150 0 0 39 30 0.000000
3151 0 0 39 31 0.000000
3152 0 0 39 32 0.000000
3153 0 0 39 33 0.000000
3154 0 0 39 34 0.000000
3155 0 0 39 35 0.000000
3156 0 0 39 36 0.000000
3157 0 0 39 37 0.000000
3158 0 0 39 38 0.000000
3159 0 0 39 39 0.000000
3160 0 0 39 40 0.000000
3161 0 0 39 41 0.000000
3162 0 0 39 42 0.000000
3163 0 0 39 43 0.000000
3164 0 0 39 44 0.000000
3165 0 0 39 45 0.000000
3166 0 0 39 46 0.000000
3167 0 0 39 47 0.000000
3168 0 0 39 48 0.000000
3169 0 0 39 49 0.000000
3170 0 0 39 50 0.000000
3171 0 0 39 51 0.000000
3172 0 0 39 52 0.000000
3173 0 0 39 53 0.000000
3174 0 0 39 54 0.000000
3175 0 0 39 55 0.000000
3176 0 0 39 56 0.000000
3177 0 0 39 57 0.000000
3178 0 0 39 58 0.000000
3179 0 0 39 59 0.000000
3180 0 0 39 60 0.000000
3181 0 0 39 61 0.000000
3182 0 0 39 62 0.000000
3183 0 0 39 63 0.000000
3184 0 0 39 64 0.000000
3185 0 0 39 65 0.000000
3186 0 0 39 66 0.000000
3187 0 0 39 67 0.000000
3188 0 0 39 68 0.000000
3189 0 0 39 69 0.000000
3190 0 0 39 70 0.000000
3191 0 0 39 71 0.000000
3192 0 0 39 72 0.000000
3193 0 0 39 73 0.000000
3194 0 0 39 74 0.000000
3195 0 0 39 75 0.000000
3196 0 0 39 76 0.000000
3197 0 0 39 77 0.000000
3198 0 0 39 78 0.000000
3199 0 0 39 79 0.000000
3200 0 1 0 0 0.000000
3206 0 1 0 6 0.000000
3208 0 1 0 8 0.000000
3260 0 1 0 60 0.000000
3276 0 1 0 76 0.000000
3286 0 1 1 6 0.000015
3288 0 1 1 8 0.000000
3303 0 1 1 23 0.000000
3305 0 1 1 25 0.000000
3323 0 1 1 43 0.004597
3340 0 1 1 60 0.000000
3360 0 1 2 0 0.000000
3362 0 1 2 2 0.000000
3366 0 1 2 6 0.000291
3368 0 1 2 8 0.000000
3385 0 1 2 25 0.000000
3387 0 1 2 27 0.000000
3399 0 1 2 39 0.000000
3420 0 1 2 60 0.000000
3448 0 1 3 8 0.000000
3463 0 1 3 23 0.000000
3465 0 1 3 25 0.000000
3500 0 1 3 60 0.000000
3520 0 1 4 0 0.000000
3525 0 1 4 5 0.000000
3526 0 1 4 6 0.000000
3528 0 1 4 8 0.000000
3545 0 1 4 25 0.000000
3580 0 1 4 60 0.000000
3608 0 1 5 8 0.000000
3625 0 1 5 25 0.000058
3660 0 1 5 60 0.000000
3667 0 1 5 67 0.008044
3680 0 1 6 0 0.000000
3688 0 1 6 8 0.000000
3705 0 1 6 25 0.000000
3740 0 1 6 60 0.000000
3747 0 1 6 67 0.000000
3768 0 1 7 8 0.000000
3785 0 1 7 25 0.000000
3820 0 1 7 60 0.000000
3840 0 1 8 0 0.000000
3848 0 1 8 8 0.000000
3900 0 1 8 60 0.000000
3928 0 1 9 8 0.000000
3980 0 1 9 60 0.000000
4000 0 1 10 0 0.000000
4008 0 1 10 8 0.000000
4027 0 1 10 27 0.000000
4060 0 1 10 60 0.000000
4063 0 1 10 63 0.005309
4088 0 1 11 8 0.000000
4126 0 1 11 46 0.000000
4140 0 1 11 60 0.000000
4168 0 1 12 8 0.000000
4211 0 1 12 51 0.000131
4212 0 1 12 52 0.000000
4213 0 1 12 53 0.000000
4214 0 1 12 54 0.000000
4215 0 1 12 55 0.000000
4220 0 1 12 60 0.000000
4236 0 1 12 76 0.000000
4237 0 1 12 77 0.000000
4238 0 1 12 78 0.000000
4239 0 1 12 79 0.000000
4248 0 1 13 8 0.000000
4292 0 1 13 52 0.000000
4293 0 1 13 53 0.000000
4294 0 1 13 54 0.000000
4295 0 1 13 55 0.000000
4300 0 1 13 60 0.000000
4316 0 1 13 76 0.000000
4317 0 1 13 77 0.000000
4318 0 1 13 78 0.000000
4319 0 1 13 79 0.000000
4328 0 1 14 8 0.000000
4372 0 1 14 52 0.000000
4373 0 1 14 53 0.000000
4374 0 1 14 54 0.000000
4375 0 1 14 55 0.000000
4380 0 1 14 60 0.000000
4396 0 1 14 76 0.000000
4397 0 1 14 77 0.000000
4398 0 1 14 78 0.000000
4399 0 1 14 79 0.000000
4408 0 1 15 8 0.000000
4452 0 1 15 52 0.000000
4453 0 1 15 53 0.000000
4454 0 1 15 54 0.000000
4455 0 1 15 55 0.000000
4460 0 1 15 60 0.000000
4464 0 1 15 64 0.000000
4476 0 1 15 76 0.000000
4477 0 1 15 77 0.000000
4478 0 1 15 78 0.000000
4479 0 1 15 79 0.000000
4480 0 1 16 0 0.000000
4481 0 1 16 1 0.000000
4482 0 1 16 2 0.000000
4483 0 1 16 3 0.000000
4488 0 1 16 8 0.000000
4491 0 1 16 11 0.000524
4528 0 1 16 48 0.000873
4531 0 1 16 51 0.008422
4540 0 1 16 60 0.000000
4541 0 1 16 61 0.000000
4542 0 1 16 62 0.000000
4543 0 1 16 63 0.000000
4560 0 1 17 0 0.000000
4561 0 1 17 1 0.000000
4562 0 1 17 2 0.000000
4563 0 1 17 3 0.000000
4564 0 1 17 4 0.000000
4568 0 1 17 8 0.000000
4571 0 1 17 11 0.003127
4618 0 1 17 58 0.003098
4620 0 1 17 60 0.000000
4621 0 1 17 61 0.000000
4622 0 1 17 62 0.000000
4623 0 1 17 63 0.000000
4640 0 1 18 0 0.000000
4641 0 1 18 1 0.000000
4642 0 1 18 2 0.000000
4643 0 1 18 3 0.000000
4644 0 1 18 4 0.000000
4647 0 1 18 7 0.000000
4648 0 1 18 8 0.000000
4649 0 1 18 9 0.000000
4700 0 1 18 60 0.000000
4701 0 1 18 61 0.000000
4702 0 1 18 62 0.000000
4703 0 1 18 63 0.000000
4720 0 1 19 0 0.000000
4721 0 1 19 1 0.000000
4722 0 1 19 2 0.000000
4723 0 1 19 3 0.000000
4724 0 1 19 4 0.000000
4725 0 1 19 5 0.000000
4727 0 1 19 7 0.000000
4728 0 1 19 8 0.000000
4729 0 1 19 9 0.000393
4731 0 1 19 11 0.000029
4745 0 1 19 25 0.000000
4757 0 1 19 37 0.000000
4780 0 1 19 60 0.000000
4781 0 1 19 61 0.000000
4782 0 1 19 62 0.000000
4783 0 1 19 63 0.000000
4800 0 1 20 0 0.000000
4808 0 1 20 8 0.000000
4838 0 1 20 38 0.001382
4839 0 1 20 39 0.000000
4860 0 1 20 60 0.000000
4861 0 1 20 61 0.003884
4863 0 1 20 63 0.000000
4872 0 1 20 72 0.000713
4873 0 1 20 73 0.000625
4874 0 1 20 74 0.000422
4875 0 1 20 75 0.000655
4888 0 1 21 8 0.000000
4919 0 1 21 39 0.000000
4940 0 1 21 60 0.000000
4941 0 1 21 61 0.003302
4943 0 1 21 63 0.000000
4945 0 1 21 65 0.000000
4952 0 1 21 72 0.000509
4953 0 1 21 73 0.000349
4954 0 1 21 74 0.000233
4955 0 1 21 75 0.000407
4960 0 1 22 0 0.000000
4968 0 1 22 8 0.000000
4999 0 1 22 39 0.000000
5020 0 1 22 60 0.000000
5021 0 1 22 61 0.003171
5023 0 1 22 63 0.000000
5025 0 1 22 65 0.000000
5032 0 1 22 72 0.000567
5033 0 1 22 73 0.000451
5034 0 1 22 74 0.000262
5035 0 1 22 75 0.000567
5048 0 1 23 8 0.000000
5079 0 1 23 39 0.000000
5100 0 1 23 60 0.000000
5101 0 1 23 61 0.003404
5103 0 1 23 63 0.000000
5104 0 1 23 64 0.000000
5105 0 1 23 65 0.000000
5112 0 1 23 72 0.000422
5113 0 1 23 73 0.000378
5114 0 1 23 74 0.000247
5115 0 1 23 75 0.000596
5120 0 1 24 0 0.000000
5128 0 1 24 8 0.000000
5159 0 1 24 39 0.000000
5180 0 1 24 60 0.000000
5181 0 1 24 61 0.003055
5183 0 1 24 63 0.000000
5192 0 1 24 72 0.000335
5193 0 1 24 73 0.000364
5194 0 1 24 74 0.000218
5195 0 1 24 75 0.000378
5208 0 1 25 8 0.000000
5236 0 1 25 36 0.009281
5239 0 1 25 39 0.000000
5260 0 1 25 60 0.000000
5261 0 1 25 61 0.003331
5263 0 1 25 63 0.000000
5265 0 1 25 65 0.000000
5270 0 1 25 70 0.000000
5272 0 1 25 72 0.000422
5273 0 1 25 73 0.000335
5274 0 1 25 74 0.000218
5275 0 1 25 75 0.000495
5280 0 1 26 0 0.000000
5284 0 1 26 4 0.000000
5288 0 1 26 8 0.000000
5319 0 1 26 39 0.000000
5340 0 1 26 60 0.000000
5341 0 1 26 61 0.002720
5343 0 1 26 63 0.000000
5347 0 1 26 67 0.000000
5350 0 1 26 70 0.000000
5352 0 1 26 72 0.000276
5353 0 1 26 73 0.000204
5354 0 1 26 74 0.000175
5355 0 1 26 75 0.000262
5368 0 1 27 8 0.000000
5399 0 1 27 39 0.000000
5420 0 1 27 60 0.000000
5421 0 1 27 61 0.003928
5423 0 1 27 63 0.000000
5432 0 1 27 72 0.000553
5433 0 1 27 73 0.000495
5434 0 1 27 74 0.000291
5435 0 1 27 75 0.000698
5440 0 1 28 0 0.000000
5448 0 1 28 8 0.000000
5449 0 1 28 9 0.000000
5452 0 1 28 12 0.006459
5479 0 1 28 39 0.000000
5484 0 1 28 44 0.000000
5500 0 1 28 60 0.000000
5501 0 1 28 61 0.002153
5503 0 1 28 63 0.000000
5512 0 1 28 72 0.000175
5513 0 1 28 73 0.000102
5514 0 1 28 74 0.000116
5515 0 1 28 75 0.000262
5528 0 1 29 8 0.000000
5546 0 1 29 26 0.007826
5559 0 1 29 39 0.000000
5580 0 1 29 60 0.000000
5581 0 1 29 61 0.002633
5583 0 1 29 63 0.000000
5592 0 1 29 72 0.000320
5593 0 1 29 73 0.000160
5594 0 1 29 74 0.000145
5595 0 1 29 75 0.000407
5600 0 1 30 0 0.000000
5608 0 1 30 8 0.000000
5639 0 1 30 39 0.000000
5655 0 1 30 55 0.000349
5660 0 1 30 60 0.000000
5661 0 1 30 61 0.002982
5663 0 1 30 63 0.000000
5672 0 1 30 72 0.000335
5673 0 1 30 73 0.000233
5674 0 1 30 74 0.000204
5675 0 1 30 75 0.000495
5688 0 1 31 8 0.000000
5719 0 1 31 39 0.000000
5740 0 1 31 60 0.000000
5741 0 1 31 61 0.003040
5743 0 1 31 63 0.000000
5752 0 1 31 72 0.000291
5753 0 1 31 73 0.000160
5754 0 1 31 74 0.000247
5755 0 1 31 75 0.000393
5764 0 1 32 4 0.000000
5765 0 1 32 5 0.000000
5766 0 1 32 6 0.000000
5767 0 1 32 7 0.000000
5768 0 1 32 8 0.000000
5769 0 1 32 9 0.000000
5770 0 1 32 10 0.000000
5771 0 1 32 11 0.000000
5772 0 1 32 12 0.000000
5773 0 1 32 13 0.000000
5774 0 1 32 14 0.000000
5775 0 1 32 15 0.000000
5776 0 1 32 16 0.000000
5777 0 1 32 17 0.000000
5778 0 1 32 18 0.000000
5779 0 1 32 19 0.000000
5780 0 1 32 20 0.000073
5781 0 1 32 21 0.000015
5782 0 1 32 22 0.000087
5783 0 1 32 23 0.000175
5788 0 1 32 28 0.000000
5789 0 1 32 29 0.000000
5790 0 1 32 30 0.000000
5791 0 1 32 31 0.000000
5804 0 1 32 44 0.000582
5805 0 1 32 45 0.000596
5806 0 1 32 46 0.000262
5807 0 1 32 47 0.000815
5808 0 1 32 48 0.000189
5809 0 1 32 49 0.000175
5810 0 1 32 50 0.000218
5811 0 1 32 51 0.000305
5816 0 1 32 56 0.000000
5817 0 1 32 57 0.001353
5818 0 1 32 58 0.000495
5819 0 1 32 59 0.000000
5820 0 1 32 60 0.000000
5821 0 1 32 61 0.000000
5822 0 1 32 62 0.000000
5823 0 1 32 63 0.000000
5824 0 1 32 64 0.000000
5825 0 1 32 65 0.000000
5826 0 1 32 66 0.000000
5827 0 1 32 67 0.000000
5828 0 1 32 68 0.000000
5829 0 1 32 69 0.000000
5830 0 1 32 70 0.000000
5831 0 1 32 71 0.000000
5832 0 1 32 72 0.000349
5833 0 1 32 73 0.000000
5834 0 1 32 74 0.000000
5835 0 1 32 75 0.000000
5836 0 1 32 76 0.000000
5837 0 1 32 77 0.000000
5838 0 1 32 78 0.000000
5839 0 1 32 79 0.000000
5844 0 1 33 4 0.000000
5845 0 1 33 5 0.000000
5846 0 1 33 6 0.000000
5847 0 1 33 7 0.000000
5848 0 1 33 8 0.000000
5849 0 1 33 9 0.000000
5850 0 1 33 10 0.000000
5851 0 1 33 11 0.000000
5852 0 1 33 12 0.000000
5853 0 1 33 13 0.000000
5854 0 1 33 14 0.000000
5855 0 1 33 15 0.000000
5856 0 1 33 16 0.000000
5857 0 1 33 17 0.000000
5858 0 1 33 18 0.000000
5859 0 1 33 19 0.000000
5860 0 1 33 20 0.000029
5861 0 1 33 21 0.000029
5862 0 1 33 22 0.000087
5863 0 1 33 23 0.000160
5868 0 1 33 28 0.000000
5869 0 1 33 29 0.000000
5870 0 1 33 30 0.000000
5871 0 1 33 31 0.000000
5884 0 1 33 44 0.000436
5885 0 1 33 45 0.000320
5886 0 1 33 46 0.000218
5887 0 1 33 47 0.000524
5888 0 1 33 48 0.000145
5889 0 1 33 49 0.000160
5890 0 1 33 50 0.000116
5891 0 1 33 51 0.000204
5896 0 1 33 56 0.000000
5897 0 1 33 57 0.000887
5898 0 1 33 58 0.000378
5899 0 1 33 59 0.000000
5900 0 1 33 60 0.000000
5901 0 1 33 61 0.000000
5902 0 1 33 62 0.000000
5903 0 1 33 63 0.000000
5904 0 1 33 64 0.000000
5905 0 1 33 65 0.000000
5906 0 1 33 66 0.000000
5907 0 1 33 67 0.000000
5908 0 1 33 68 0.000000
5909 0 1 33 69 0.000000
5910 0 1 33 70 0.000000
5911 0 1 33 71 0.000000
5912 0 1 33 72 0.000000
5913 0 1 33 73 0.000000
5914 0 1 33 74 0.000116
5915 0 1 33 75 0.000000
5916 0 1 33 76 0.000000
5917 0 1 33 77 0.000000
5918 0 1 33 78 0.000000
5919 0 1 33 79 0.000000
5924 0 1 34 4 0.000000
5925 0 1 34 5 0.000000
5926 0 1 34 6 0.000000
5927 0 1 34 7 0.000000
5928 0 1 34 8 0.000000
5929 0 1 34 9 0.000000
5930 0 1 34 10 0.000000
5931 0 1 34 11 0.000000
5932 0 1 34 12 0.000000
5933 0 1 34 13 0.000000
5934 0 1 34 14 0.000000
5935 0 1 34 15 0.000000
5936 0 1 34 16 0.000000
5937 0 1 34 17 0.000000
5938 0 1 34 18 0.000000
5939 0 1 34 19 0.000000
5940 0 1 34 20 0.000073
5941 0 1 34 21 0.000058
5942 0 1 34 22 0.000131
5943 0 1 34 23 0.000145
5948 0 1 34 28 0.000000
5949 0 1 34 29 0.000000
5950 0 1 34 30 0.000000
5951 0 1 34 31 0.000000
5964 0 1 34 44 0.000625
5965 0 1 34 45 0.000625
5966 0 1 34 46 0.000276
5967 0 1 34 47 0.001178
5968 0 1 34 48 0.000160
5969 0 1 34 49 0.000233
5970 0 1 34 50 0.000233
5971 0 1 34 51 0.000378
5976 0 1 34 56 0.000000
5977 0 1 34 57 0.000640
5978 0 1 34 58 0.000480
5979 0 1 34 59 0.000000
5980 0 1 34 60 0.000000
5981 0 1 34 61 0.000000
5982 0 1 34 62 0.000000
5983 0 1 34 63 0.000000
5984 0 1 34 64 0.000000
5985 0 1 34 65 0.000000
5986 0 1 34 66 0.000000
5987 0 1 34 67 0.000000
5988 0 1 34 68 0.000000
5989 0 1 34 69 0.000000
5990 0 1 34 70 0.000000
5991 0 1 34 71 0.000000
5992 0 1 34 72 0.000000
5993 0 1 34 73 0.000000
5994 0 1 34 74 0.000116
5995 0 1 34 75 0.000000
5996 0 1 34 76 0.000000
5997 0 1 34 77 0.000000
5998 0 1 34 78 0.000000
5999 0 1 34 79 0.000000
6004 0 1 35 4 0.000000
6005 0 1 35 5 0.000000
6006 0 1 35 6 0.000000
6007 0 1 35 7 0.000000
6008 0 1 35 8 0.000000
6009 0 1 35 9 0.000000
6010 0 1 35 10 0.000000
6011 0 1 35 11 0.000000
6012 0 1 35 12 0.000000
6013 0 1 35 13 0.000000
6014 0 1 35 14 0.000000
6015 0 1 35 15 0.000000
6016 0 1 35 16 0.000000
6017 0 1 35 17 0.000000
6018 0 1 35 18 0.000000
6019 0 1 35 19 0.000000
6020 0 1 35 20 0.000073
6021 0 1 35 21 0.000058
6022 0 1 35 22 0.000087
6023 0 1 35 23 0.000204
6028 0 1 35 28 0.000000
6029 0 1 35 29 0.000000
6030 0 1 35 30 0.000000
6031 0 1 35 31 0.000000
6044 0 1 35 44 0.000698
6045 0 1 35 45 0.000538
6046 0 1 35 46 0.000291
6047 0 1 35 47 0.000931
6048 0 1 35 48 0.000145
6049 0 1 35 49 0.000160
6050 0 1 35 50 0.000175
6051 0 1 35 51 0.000218
6056 0 1 35 56 0.000000
6057 0 1 35 57 0.004888
6058 0 1 35 58 0.000480
6059 0 1 35 59 0.000000
6060 0 1 35 60 0.000000
6061 0 1 35 61 0.000000
6062 0 1 35 62 0.000000
6063 0 1 35 63 0.000000
6064 0 1 35 64 0.000000
6065 0 1 35 65 0.000000
6066 0 1 35 66 0.000000
6067 0 1 35 67 0.000000
6068 0 1 35 68 0.000000
6069 0 1 35 69 0.000000
6070 0 1 35 70 0.000000
6071 0 1 35 71 0.000000
6072 0 1 35 72 0.000000
6073 0 1 35 73 0.000000
6074 0 1 35 74 0.000145
6075 0 1 35 75 0.000000
6076 0 1 35 76 0.000000
6077 0 1 35 77 0.000000
6078 0 1 35 78 0.000000
6079 0 1 35 79 0.000000
6080 0 1 36 0 0.000000
6081 0 1 36 1 0.000000
6082 0 1 36 2 0.000000
6083 0 1 36 3 0.000000
6084 0 1 36 4 0.000000
6085 0 1 36 5 0.000000
6086 0 1 36 6 0.000000
6087 0 1 36 7 0.000000
6088 0 1 36 8 0.000000
6089 0 1 36 9 0.000000
6090 0 1 36 10 0.000000
6091 0 1 36 11 0.000000
6092 0 1 36 12 0.000000
6093 0 1 36 13 0.000000
6094 0 1 36 14 0.000000
6095 0 1 36 15 0.000000
6096 0 1 36 16 0.000000
6097 0 1 36 17 0.000000
6098 0 1 36 18 0.000000
6099 0 1 36 19 0.000000
6100 0 1 36 20 0.000000
6101 0 1 36 21 0.000000
6102 0 1 36 22 0.000000
6103 0 1 36 23 0.000000
6108 0 1 36 28 0.000000
6109 0 1 36 29 0.000000
6110 0 1 36 30 0.000000
6111 0 1 36 31 0.000000
6124 0 1 36 44 0.000015
6125 0 1 36 45 0.000015
6126 0 1 36 46 0.000015
6127 0 1 36 47 0.000131
6128 0 1 36 48 0.000000
6129 0 1 36 49 0.000131
6130 0 1 36 50 0.000000
6131 0 1 36 51 0.000000
6136 0 1 36 56 0.000000
6137 0 1 36 57 0.000145
6138 0 1 36 58 0.000102
6139 0 1 36 59 0.000015
6140 0 1 36 60 0.000000
6141 0 1 36 61 0.000000
6142 0 1 36 62 0.000000
6143 0 1 36 63 0.000000
6144 0 1 36 64 0.000000
6145 0 1 36 65 0.000000
6146 0 1 36 66 0.000000
6147 0 1 36 67 0.000000
6148 0 1 36 68 0.000000
6149 0 1 36 69 0.000000
6150 0 1 36 70 0.000000
6151 0 1 36 71 0.000000
6152 0 1 36 72 0.000102
6153 0 1 36 73 0.000000
6154 0 1 36 74 0.000015
6155 0 1 36 75 0.000131
6156 0 1 36 76 0.000000
6157 0 1 36 77 0.000000
6158 0 1 36 78 0.000000
6159 0 1 36 79 0.000000
6160 0 1 37 0 0.000000
6161 0 1 37 1 0.000000
6162 0 1 37 2 0.000000
6163 0 1 37 3 0.000000
6164 0 1 37 4 0.000000
6165 0 1 37 5 0.000000
6166 0 1 37 6 0.000000
6167 0 1 37 7 0.000000
6168 0 1 37 8 0.000000
6169 0 1 37 9 0.000000
6170 0 1 37 10 0.000000
6171 0 1 37 11 0.000000
6172 0 1 37 12 0.000000
6173 0 1 37 13 0.000000
6174 0 1 37 14 0.000000
6175 0 1 37 15 0.000000
6176 0 1 37 16 0.000000
6177 0 1 37 17 0.000000
6178 0 1 37 18 0.000000
6179 0 1 37 19 0.000000
6180 0 1 37 20 0.000000
6181 0 1 37 21 0.000000
6182 0 1 37 22 0.000000
6183 0 1 37 23 0.000000
6186 0 1 37 26 0.009688
6188 0 1 37 28 0.000000
6189 0 1 37 29 0.000000
6190 0 1 37 30 0.000000
6191 0 1 37 31 0.000000
6198 0 1 37 38 0.001615
6201 0 1 37 41 0.000000
6204 0 1 37 44 0.000000
6205 0 1 37 45 0.000000
6206 0 1 37 46 0.000015
6207 0 1 37 47 0.000145
6208 0 1 37 48 0.000015
6209 0 1 37 49 0.000131
6210 0 1 37 50 0.000000
6211 0 1 37 51 0.000000
6212 0 1 37 52 0.000000
6216 0 1 37 56 0.000116
6217 0 1 37 57 0.000145
6218 0 1 37 58 0.000000
6219 0 1 37 59 0.000044
6220 0 1 37 60 0.000000
6221 0 1 37 61 0.000000
6222 0 1 37 62 0.000000
6223 0 1 37 63 0.000000
6224 0 1 37 64 0.000000
6225 0 1 37 65 0.000000
6226 0 1 37 66 0.000000
6227 0 1 37 67 0.000000
6228 0 1 37 68 0.000000
6229 0 1 37 69 0.000000
6230 0 1 37 70 0.000000
6231 0 1 37 71 0.000000
6232 0 1 37 72 0.000087
6233 0 1 37 73 0.000015
6234 0 1 37 74 0.000000
6235 0 1 37 75 0.000131
6236 0 1 37 76 0.000000
6237 0 1 37 77 0.000000
6238 0 1 37 78 0.000000
6239 0 1 37 79 0.000000
6240 0 1 38 0 0.000000
6241 0 1 38 1 0.000000
6242 0 1 38 2 0.000000
6243 0 1 38 3 0.000000
6244 0 1 38 4 0.000000
6245 0 1 38 5 0.000000
6246 0 1 38 6 0.000000
6247 0 1 38 7 0.000000
6248 0 1 38 8 0.000000
6249 0 1 38 9 0.000000
6250 0 1 38 10 0.000000
6251 0 1 38 11 0.000000
6252 0 1 38 12 0.000000
6253 0 1 38 13 0.000000
6254 0 1 38 14 0.000000
6255 0 1 38 15 0.000000
6256 0 1 38 16 0.000000
6257 0 1 38 17 0.000000
6258 0 1 38 18 0.000000
6259 0 1 38 19 0.000000
6260 0 1 38 20 0.000000
6261 0 1 38 21 0.000000
6262 0 1 38 22 0.000000
6263 0 1 38 23 0.000000
6264 0 1 38 24 0.000000
6265 0 1 38 25 0.000000
6266 0 1 38 26 0.000000
6267 0 1 38 27 0.000000
6268 0 1 38 28 0.000000
6269 0 1 38 29 0.000000
6270 0 1 38 30 0.000000
6271 0 1 38 31 0.000000
6272 0 1 38 32 0.000000
6273 0 1 38 33 0.000000
6274 0 1 38 34 0.000000
6275 0 1 38 35 0.000000
6276 0 1 38 36 0.000000
6277 0 1 38 37 0.000000
6278 0 1 38 38 0.000000
6279 0 1 38 39 0.000000
6280 0 1 38 40 0.000000
6281 0 1 38 41 0.000000
6282 0 1 38 42 0.000000
6283 0 1 38 43 0.000000
6284 0 1 38 44 0.000000
6285 0 1 38 45 0.000000
6286 0 1 38 46 0.000000
6287 0 1 38 47 0.000000
6288 0 1 38 48 0.000000
6289 0 1 38 49 0.000000
6290 0 1 38 50 0.000000
6291 0 1 38 51 0.000000
6292 0 1 38 52 0.000000
6293 0 1 38 53 0.000000
6294 0 1 38 54 0.000000
6295 0 1 38 55 0.000000
6296 0 1 38 56 0.000000
6297 0 1 38 57 0.000000
6298 0 1 38 58 0.000000
6299 0 1 38 59 0.000000
6300 0 1 38 60 0.000000
6301 0 1 38 61 0.000000
6302 0 1 38 62 0.000000
6303 0 1 38 63 0.000000
6304 0 1 38 64 0.000000
6305 0 1 38 65 0.000000
6306 0 1 38 66 0.000000
6307 0 1 38 67 0.000000
6308 0 1 38 68 0.000000
6309 0 1 38 69 0.000000
6310 0 1 38 70 0.000000
6311 0 1 38 71 0.000000
6312 0 1 38 72 0.000000
6313 0 1 38 73 0.000000
6314 0 1 38 74 0.000000
6315 0 1 38 75 0.000000
6316 0 1 38 76 0.000000
6317 0 1 38 77 0.000000
6318 0 1 38 78 0.000000
6319 0 1 38 79 0.000000
6320 0 1 39 0 0.000000
6321 0 1 39 1 0.000000
6322 0 1 39 2 0.000000
6323 0 1 39 3 0.000000
6324 0 1 39 4 0.000000
6325 0 1 39 5 0.000000
6326 0 1 39 6 0.000000
6327 0 1 39 7 0.000000
6328 0 1 39 8 0.000000
6329 0 1 39 9 0.000000
6330 0 1 39 10 0.000000
6331 0 1 39 11 0.000000
6332 0 1 39 12 0.000000
6333 0 1 39 13 0.000000
6334 0 1 39 14 0.000000
6335 0 1 39 15 0.000000
6336 0 1 39 16 0.000000
6337 0 1 39 17 0.000000
6338 0 1 39 18 0.000000
6339 0 1 39 19 0.000000
6340 0 1 39 20 0.000000
6341 0 1 39 21 0.000000
6342 0 1 39 22 0.000000
6343 0 1 39 23 0.000000
6344 0 1 39 24 0.000000
6345 0 1 39 25 0.000000
6346 0 1 39 26 0.000000
6347 0 1 39 27 0.000000
6348 0 1 39 28 0.000000
6349 0 1 39 29 0.000000
6350 0 1 39 30 0.000000
6351 0 1 39 31 0.000000
6352 0 1 39 32 0.000000
6353 0 1 39 33 0.000000
6354 0 1 39 34 0.000000
6355 0 1 39 35 0.000000
6356 0 1 39 36 0.000000
6357 0 1 39 37 0.000000
6358 0 1 39 38 0.000000
6359 0 1 39 39 0.000000
6360 0 1 39 40 0.000000
6361 0 1 39 41 0.000000
6362 0 1 39 42 0.000000
6363 0 1 39 43 0.000000
6364 0 1 39 44 0.000000
6365 0 1 39 45 0.000000
6366 0 1 39 46 0.000000
6367 0 1 39 47 0.000000
6368 0 1 39 48 0.000000
6369 0 1 39 49 0.000000
6370 0 1 39 50 0.000000
6371 0 1 39 51 0.000000
6372 0 1 39 52 0.000000
6373 0 1 39 53 0.000000
6374 0 1 39 54 0.000000
6375 0 1 39 55 0.000000
6376 0 1 39 56 0.000000
6377 0 1 39 57 0.000000
6378 0 1 39 58 0.000000
6379 0 1 39 59 0.000000
6380 0 1 39 60 0.000000
6381 0 1 39 61 0.000000
6382 0 1 39 62 0.000000
6383 0 1 39 63 0.000000
6384 0 1 39 64 0.000000
6385 0 1 39 65 0.000000
6386 0 1 39 66 0.000000
6387 0 1 39 67 0.000000
6388 0 1 39 68 0.000000
6389 0 1 39 69 0.000000
6390 0 1 39 70 0.000000
6391 0 1 39 71 0.000000
6392 0 1 39 72 0.000000
6393 0 1 39 73 0.000000
6394 0 1 39 74 0.000000
6395 0 1 39 75 0.000000
6396 0 1 39 76 0.000000
6397 0 1 39 77 0.000000
6398 0 1 39 78 0.000000
6399 0 1 39 79 0.000000
6407 1 0 0 7 0.002618
6425 1 0 0 25 0.000000
6428 1 0 0 28 0.000116
6429 1 0 0 29 0.000058
6430 1 0 0 30 0.000204
6431 1 0 0 31 0.005149
6434 1 0 0 34 0.000000
6456 1 0 0 56 0.000000
6458 1 0 0 58 0.000000
6465 1 0 0 65 0.000000
6467 1 0 0 67 0.001775
6505 1 0 1 25 0.000000
6508 1 0 1 28 0.000058
6509 1 0 1 29 0.000058
6510 1 0 1 30 0.000189
6511 1 0 1 31 0.000422
6536 1 0 1 56 0.000000
6538 1 0 1 58 0.000058
6545 1 0 1 65 0.000000
6560 1 0 2 0 0.000640
6585 1 0 2 25 0.000000
6588 1 0 2 28 0.000102
6589 1 0 2 29 0.000175
6590 1 0 2 30 0.000262
6591 1 0 2 31 0.000000
6593 1 0 2 33 0.000000
6596 1 0 2 36 0.000102
6597 1 0 2 37 0.000000
6608 1 0 2 48 0.003157
6616 1 0 2 56 0.000000
6618 1 0 2 58 0.000873
6624 1 0 2 64 0.000000
6625 1 0 2 65 0.000000
6665 1 0 3 25 0.000000
6668 1 0 3 28 0.000102
6669 1 0 3 29 0.000131
6670 1 0 3 30 0.000189
6671 1 0 3 31 0.000000
6673 1 0 3 33 0.000495
6677 1 0 3 37 0.000000
6696 1 0 3 56 0.000073
6705 1 0 3 65 0.000000
6745 1 0 4 25 0.000000
6748 1 0 4 28 0.000029
6749 1 0 4 29 0.000087
6750 1 0 4 30 0.000175
6751 1 0 4 31 0.000000
6757 1 0 4 37 0.000000
6776 1 0 4 56 0.000989
6785 1 0 4 65 0.000218
6825 1 0 5 25 0.000000
6828 1 0 5 28 0.000087
6829 1 0 5 29 0.000073
6830 1 0 5 30 0.000204
6831 1 0 5 31 0.000582
6837 1 0 5 37 0.000000
6864 1 0 5 64 0.000000
6865 1 0 5 65 0.000000
6905 1 0 6 25 0.000000
6908 1 0 6 28 0.000029
6909 1 0 6 29 0.000044
6910 1 0 6 30 0.000160
6911 1 0 6 31 0.001076
6917 1 0 6 37 0.000000
6936 1 0 6 56 0.000655
6945 1 0 6 65 0.000000
6985 1 0 7 25 0.000000
6988 1 0 7 28 0.000145
6989 1 0 7 29 0.000102
6990 1 0 7 30 0.000204
6991 1 0 7 31 0.002196
6997 1 0 7 37 0.000000
7018 1 0 7 58 0.000655
7024 1 0 7 64 0.000000
7025 1 0 7 65 0.000000
7026 1 0 7 66 0.000000
7065 1 0 8 25 0.000000
7068 1 0 8 28 0.000029
7069 1 0 8 29 0.000087
7070 1 0 8 30 0.000145
7071 1 0 8 31 0.000058
7090 1 0 8 50 0.000611
7096 1 0 8 56 0.000218
7104 1 0 8 64 0.000000
7105 1 0 8 65 0.000000
7137 1 0 9 17 0.000000
7138 1 0 9 18 0.000000
7145 1 0 9 25 0.000000
7148 1 0 9 28 0.000029
7149 1 0 9 29 0.000000
7150 1 0 9 30 0.000102
7151 1 0 9 31 0.000145
7176 1 0 9 56 0.000000
7184 1 0 9 64 0.000000
7185 1 0 9 65 0.000000
7225 1 0 10 25 0.000000
7228 1 0 10 28 0.000044
7229 1 0 10 29 0.000160
7230 1 0 10 30 0.000189
7231 1 0 10 31 0.000204
7237 1 0 10 37 0.000000
7256 1 0 10 56 0.000000
7264 1 0 10 64 0.000000
7265 1 0 10 65 0.000000
7266 1 0 10 66 0.000000
7305 1 0 11 25 0.000000
7308 1 0 11 28 0.000058
7309 1 0 11 29 0.000058
7310 1 0 11 30 0.000102
7311 1 0 11 31 0.000175
7334 1 0 11 54 0.000000
7336 1 0 11 56 0.000000
7344 1 0 11 64 0.000000
7345 1 0 11 65 0.000000
7346 1 0 11 66 0.000000
7368 1 0 12 8 0.000073
7369 1 0 12 9 0.000073
7370 1 0 12 10 0.000015
7371 1 0 12 11 0.000044
7376 1 0 12 16 0.000029
7377 1 0 12 17 0.000044
7378 1 0 12 18 0.000000
7379 1 0 12 19 0.000058
7392 1 0 12 32 0.000000
7393 1 0 12 33 0.000000
7394 1 0 12 34 0.000000
7395 1 0 12 35 0.000000
7396 1 0 12 36 0.000044
7397 1 0 12 37 0.000102
7398 1 0 12 38 0.000029
7399 1 0 12 39 0.000087
7408 1 0 12 48 0.000073
7409 1 0 12 49 0.000000
7410 1 0 12 50 0.000000
7411 1 0 12 51 0.000015
7414 1 0 12 54 0.000873
7420 1 0 12 60 0.000102
7421 1 0 12 61 0.000073
7422 1 0 12 62 0.000029
7423 1 0 12 63 0.000116
7436 1 0 12 76 0.000000
7437 1 0 12 77 0.000000
7438 1 0 12 78 0.000000
7439 1 0 12 79 0.000000
7448 1 0 13 8 0.000044
7449 1 0 13 9 0.000015
7450 1 0 13 10 0.000015
7451 1 0 13 11 0.000029
7456 1 0 13 16 0.000015
7457 1 0 13 17 0.000015
7458 1 0 13 18 0.000000
7459 1 0 13 19 0.000073
7472 1 0 13 32 0.000000
7473 1 0 13 33 0.000000
7474 1 0 13 34 0.000000
7475 1 0 13 35 0.000000
7476 1 0 13 36 0.000044
7477 1 0 13 37 0.000087
7478 1 0 13 38 0.000015
7479 1 0 13 39 0.000116
7488 1 0 13 48 0.000175
7489 1 0 13 49 0.000000
7490 1 0 13 50 0.000000
7491 1 0 13 51 0.000015
7500 1 0 13 60 0.000087
7501 1 0 13 61 0.000058
7502 1 0 13 62 0.000015
7503 1 0 13 63 0.000087
7516 1 0 13 76 0.000000
7517 1 0 13 77 0.000000
7518 1 0 13 78 0.000000
7519 1 0 13 79 0.000000
7528 1 0 14 8 0.000073
7529 1 0 14 9 0.000073
7530 1 0 14 10 0.000015
7531 1 0 14 11 0.000044
7536 1 0 14 16 0.000044
7537 1 0 14 17 0.000044
7538 1 0 14 18 0.000000
7539 1 0 14 19 0.000058
7552 1 0 14 32 0.000000
7553 1 0 14 33 0.000000
7554 1 0 14 34 0.000000
7555 1 0 14 35 0.000000
7556 1 0 14 36 0.000044
7557 1 0 14 37 0.000102
7558 1 0 14 38 0.000044
7559 1 0 14 39 0.000116
7568 1 0 14 48 0.000087
7569 1 0 14 49 0.000000
7570 1 0 14 50 0.000000
7571 1 0 14 51 0.000015
7580 1 0 14 60 0.000116
7581 1 0 14 61 0.000073
7582 1 0 14 62 0.000000
7583 1 0 14 63 0.000131
7596 1 0 14 76 0.000000
7597 1 0 14 77 0.000000
7598 1 0 14 78 0.000000
7599 1 0 14 79 0.000000
7608 1 0 15 8 0.000044
7609 1 0 15 9 0.000116
7610 1 0 15 10 0.000058
7611 1 0 15 11 0.000073
7616 1 0 15 16 0.000029
7617 1 0 15 17 0.000029
7618 1 0 15 18 0.000000
7619 1 0 15 19 0.000073
7632 1 0 15 32 0.000000
7633 1 0 15 33 0.000000
7634 1 0 15 34 0.000000
7635 1 0 15 35 0.000000
7636 1 0 15 36 0.000247
7637 1 0 15 37 0.000175
7638 1 0 15 38 0.000233
7639 1 0 15 39 0.000218
7648 1 0 15 48 0.000276
7649 1 0 15 49 0.000189
7650 1 0 15 50 0.000131
7651 1 0 15 51 0.000189
7660 1 0 15 60 0.000189
7661 1 0 15 61 0.000218
7662 1 0 15 62 0.000160
7663 1 0 15 63 0.000145
7676 1 0 15 76 0.000000
7677 1 0 15 77 0.000000
7678 1 0 15 78 0.000000
7679 1 0 15 79 0.000000
7680 1 0 16 0 0.000000
7681 1 0 16 1 0.000000
7682 1 0 16 2 0.000000
7683 1 0 16 3 0.000000
7696 1 0 16 16 0.000029
7697 1 0 16 17 0.000000
7698 1 0 16 18 0.000000
7699 1 0 16 19 0.000000
7704 1 0 16 24 0.000116
7705 1 0 16 25 0.000218
7706 1 0 16 26 0.000145
7707 1 0 16 27 0.000189
7720 1 0 16 40 0.000000
7721 1 0 16 41 0.000000
7722 1 0 16 42 0.000000
7723 1 0 16 43 0.000000
7724 1 0 16 44 0.000160
7725 1 0 16 45 0.000305
7726 1 0 16 46 0.000262
7727 1 0 16 47 0.000305
7736 1 0 16 56 0.000698
7737 1 0 16 57 0.000189
7738 1 0 16 58 0.000160
7739 1 0 16 59 0.000349
7748 1 0 16 68 0.000116
7749 1 0 16 69 0.000160
7750 1 0 16 70 0.000233
7751 1 0 16 71 0.000218
7759 1 0 16 79 0.008611
7760 1 0 17 0 0.000000
7761 1 0 17 1 0.000000
7762 1 0 17 2 0.000000
7763 1 0 17 3 0.000000
7776 1 0 17 16 0.000029
7777 1 0 17 17 0.000015
7778 1 0 17 18 0.000000
7779 1 0 17 19 0.000000
7784 1 0 17 24 0.000015
7785 1 0 17 25 0.000000
7786 1 0 17 26 0.000000
7787 1 0 17 27 0.000029
7800 1 0 17 40 0.000000
7801 1 0 17 41 0.000000
7802 1 0 17 42 0.000000
7803 1 0 17 43 0.000000
7804 1 0 17 44 0.000015
7805 1 0 17 45 0.000029
7806 1 0 17 46 0.000044
7807 1 0 17 47 0.000175
7816 1 0 17 56 0.000116
7817 1 0 17 57 0.000000
7818 1 0 17 58 0.000000
7819 1 0 17 59 0.000087
7828 1 0 17 68 0.000044
7829 1 0 17 69 0.000044
7830 1 0 17 70 0.000015
7831 1 0 17 71 0.000000
7834 1 0 17 74 0.004044
7840 1 0 18 0 0.000000
7841 1 0 18 1 0.000000
7842 1 0 18 2 0.000000
7843 1 0 18 3 0.000000
7856 1 0 18 16 0.000015
7857 1 0 18 17 0.000000
7858 1 0 18 18 0.000000
7859 1 0 18 19 0.000000
7864 1 0 18 24 0.000015
7865 1 0 18 25 0.000000
7866 1 0 18 26 0.000000
7867 1 0 18 27 0.000015
7880 1 0 18 40 0.000000
7881 1 0 18 41 0.000000
7882 1 0 18 42 0.000000
7883 1 0 18 43 0.000000
7884 1 0 18 44 0.000000
7885 1 0 18 45 0.000029
7886 1 0 18 46 0.000044
7887 1 0 18 47 0.000145
7896 1 0 18 56 0.000073
7897 1 0 18 57 0.000000
7898 1 0 18 58 0.000000
7899 1 0 18 59 0.000073
7908 1 0 18 68 0.000044
7909 1 0 18 69 0.000015
7910 1 0 18 70 0.000015
7911 1 0 18 71 0.000015
7920 1 0 19 0 0.000000
7921 1 0 19 1 0.000000
7922 1 0 19 2 0.000000
7923 1 0 19 3 0.000000
7936 1 0 19 16 0.000058
7937 1 0 19 17 0.000058
7938 1 0 19 18 0.000000
7939 1 0 19 19 0.000015
7944 1 0 19 24 0.000029
7945 1 0 19 25 0.000000
7946 1 0 19 26 0.000000
7947 1 0 19 27 0.000015
7956 1 0 19 36 0.000233
7960 1 0 19 40 0.000000
7961 1 0 19 41 0.000000
7962 1 0 19 42 0.000000
7963 1 0 19 43 0.000000
7964 1 0 19 44 0.000000
7965 1 0 19 45 0.000044
7966 1 0 19 46 0.000058
7967 1 0 19 47 0.000160
7976 1 0 19 56 0.000102
7977 1 0 19 57 0.000000
7978 1 0 19 58 0.000000
7979 1 0 19 59 0.000145
7988 1 0 19 68 0.000044
7989 1 0 19 69 0.000029
7990 1 0 19 70 0.000015
7991 1 0 19 71 0.000000
8017 1 0 20 17 0.000015
8026 1 0 20 26 0.006473
8031 1 0 20 31 0.000000
8034 1 0 20 34 0.000000
8036 1 0 20 36 0.000015
8039 1 0 20 39 0.000000
8041 1 0 20 41 0.001469
8043 1 0 20 43 0.000771
8050 1 0 20 50 0.001833
8054 1 0 20 54 0.000000
8056 1 0 20 56 0.001309
8057 1 0 20 57 0.000233
8058 1 0 20 58 0.000000
8059 1 0 20 59 0.000960
8067 1 0 20 67 0.001295
8068 1 0 20 68 0.000015
8069 1 0 20 69 0.000015
8070 1 0 20 70 0.000000
8071 1 0 20 71 0.000000
8072 1 0 20 72 0.000000
8073 1 0 20 73 0.000015
8074 1 0 20 74 0.000044
8075 1 0 20 75 0.000175
8084 1 0 21 4 0.005324
8106 1 0 21 26 0.004626
8114 1 0 21 34 0.000000
8116 1 0 21 36 0.000233
8117 1 0 21 37 0.003709
8119 1 0 21 39 0.000000
8121 1 0 21 41 0.001324
8130 1 0 21 50 0.002066
8134 1 0 21 54 0.000000
8136 1 0 21 56 0.000989
8137 1 0 21 57 0.000189
8138 1 0 21 58 0.000000
8139 1 0 21 59 0.000800
8147 1 0 21 67 0.000640
8148 1 0 21 68 0.000000
8149 1 0 21 69 0.000000
8150 1 0 21 70 0.000000
8151 1 0 21 71 0.000000
8152 1 0 21 72 0.000000
8153 1 0 21 73 0.000000
8154 1 0 21 74 0.000058
8155 1 0 21 75 0.000131
8175 1 0 22 15 0.007724
8186 1 0 22 26 0.005091
8194 1 0 22 34 0.000000
8197 1 0 22 37 0.001018
8199 1 0 22 39 0.000000
8201 1 0 22 41 0.001367
8210 1 0 22 50 0.002138
8214 1 0 22 54 0.000000
8216 1 0 22 56 0.001178
8217 1 0 22 57 0.000320
8218 1 0 22 58 0.000451
8219 1 0 22 59 0.000815
8227 1 0 22 67 0.001716
8228 1 0 22 68 0.000015
8229 1 0 22 69 0.000000
8230 1 0 22 70 0.000000
8231 1 0 22 71 0.000015
8232 1 0 22 72 0.000000
8233 1 0 22 73 0.000015
8234 1 0 22 74 0.000044
8235 1 0 22 75 0.000160
8255 1 0 23 15 0.002124
8266 1 0 23 26 0.006444
8274 1 0 23 34 0.000000
8277 1 0 23 37 0.001004
8279 1 0 23 39 0.000000
8281 1 0 23 41 0.001382
8290 1 0 23 50 0.002604
8294 1 0 23 54 0.000000
8296 1 0 23 56 0.001062
8297 1 0 23 57 0.000320
8298 1 0 23 58 0.000291
8299 1 0 23 59 0.000989
8307 1 0 23 67 0.001935
8308 1 0 23 68 0.000029
8309 1 0 23 69 0.000015
8310 1 0 23 70 0.000000
8311 1 0 23 71 0.000000
8312 1 0 23 72 0.000000
8313 1 0 23 73 0.000015
8314 1 0 23 74 0.000044
8315 1 0 23 75 0.000116
8324 1 0 24 4 0.007550
8339 1 0 24 19 0.007579
8346 1 0 24 26 0.005091
8354 1 0 24 34 0.000000
8359 1 0 24 39 0.000000
8361 1 0 24 41 0.001280
8370 1 0 24 50 0.002240
8376 1 0 24 56 0.000887
8377 1 0 24 57 0.000218
8378 1 0 24 58 0.000262
8379 1 0 24 59 0.000625
8387 1 0 24 67 0.001062
8388 1 0 24 68 0.000000
8389 1 0 24 69 0.000000
8390 1 0 24 70 0.000000
8391 1 0 24 71 0.000000
8392 1 0 24 72 0.000000
8393 1 0 24 73 0.000000
8394 1 0 24 74 0.000044
8395 1 0 24 75 0.000116
8400 1 0 25 0 0.000713
8426 1 0 25 26 0.006546
8434 1 0 25 34 0.000000
8439 1 0 25 39 0.000000
8441 1 0 25 41 0.001527
8450 1 0 25 50 0.002066
8456 1 0 25 56 0.000000
8457 1 0 25 57 0.000276
8458 1 0 25 58 0.000305
8459 1 0 25 59 0.000844
8467 1 0 25 67 0.000000
8468 1 0 25 68 0.000000
8469 1 0 25 69 0.000000
8470 1 0 25 70 0.000000
8471 1 0 25 71 0.000000
8472 1 0 25 72 0.000000
8473 1 0 25 73 0.000015
8474 1 0 25 74 0.000029
8475 1 0 25 75 0.000116
8483 1 0 26 3 0.000000
8484 1 0 26 4 0.009790
8506 1 0 26 26 0.004233
8514 1 0 26 34 0.000000
8519 1 0 26 39 0.000000
8521 1 0 26 41 0.001120
8528 1 0 26 48 0.000000
8530 1 0 26 50 0.001222
8536 1 0 26 56 0.000393
8537 1 0 26 57 0.000233
8538 1 0 26 58 0.000276
8539 1 0 26 59 0.000698
8547 1 0 26 67 0.001367
8548 1 0 26 68 0.000029
8549 1 0 26 69 0.000000
8550 1 0 26 70 0.000000
8551 1 0 26 71 0.000000
8552 1 0 26 72 0.000000
8553 1 0 26 73 0.000015
8554 1 0 26 74 0.000044
8555 1 0 26 75 0.000116
8556 1 0 26 76 0.000291
8586 1 0 27 26 0.006793
8594 1 0 27 34 0.000000
8599 1 0 27 39 0.000000
8601 1 0 27 41 0.001382
8610 1 0 27 50 0.002982
8616 1 0 27 56 0.001062
8617 1 0 27 57 0.000000
8618 1 0 27 58 0.000495
8619 1 0 27 59 0.000902
8623 1 0 27 63 0.000000
8627 1 0 27 67 0.001833
8628 1 0 27 68 0.000015
8629 1 0 27 69 0.000000
8630 1 0 27 70 0.000000
8631 1 0 27 71 0.000015
8632 1 0 27 72 0.000015
8633 1 0 27 73 0.000000
8634 1 0 27 74 0.000087
8635 1 0 27 75 0.000160
8666 1 0 28 26 0.002982
8674 1 0 28 34 0.000000
8679 1 0 28 39 0.000000
8681 1 0 28 41 0.001033
8689 1 0 28 49 0.000000
8690 1 0 28 50 0.001018
8696 1 0 28 56 0.000233
8697 1 0 28 57 0.000145
8698 1 0 28 58 0.000116
8699 1 0 28 59 0.000465
8701 1 0 28 61 0.000000
8707 1 0 28 67 0.000509
8708 1 0 28 68 0.000000
8709 1 0 28 69 0.000015
8710 1 0 28 70 0.000000
8711 1 0 28 71 0.000000
8712 1 0 28 72 0.000000
8713 1 0 28 73 0.000015
8714 1 0 28 74 0.000044
8715 1 0 28 75 0.000058
8746 1 0 29 26 0.003404
8754 1 0 29 34 0.000000
8759 1 0 29 39 0.000000
8761 1 0 29 41 0.001498
8769 1 0 29 49 0.004742
8770 1 0 29 50 0.001513
8776 1 0 29 56 0.000407
8777 1 0 29 57 0.000233
8778 1 0 29 58 0.000218
8779 1 0 29 59 0.000335
8787 1 0 29 67 0.000931
8788 1 0 29 68 0.000000
8789 1 0 29 69 0.000000
8790 1 0 29 70 0.000000
8791 1 0 29 71 0.000000
8792 1 0 29 72 0.000000
8793 1 0 29 73 0.000015
8794 1 0 29 74 0.000029
8795 1 0 29 75 0.000073
8812 1 0 30 12 0.005702
8826 1 0 30 26 0.004466
8834 1 0 30 34 0.000000
8839 1 0 30 39 0.000000
8841 1 0 30 41 0.001193
8850 1 0 30 50 0.001862
8856 1 0 30 56 0.000567
8857 1 0 30 57 0.000276
8858 1 0 30 58 0.000291
8859 1 0 30 59 0.000756
8867 1 0 30 67 0.000567
8868 1 0 30 68 0.000000
8869 1 0 30 69 0.000000
8870 1 0 30 70 0.000000
8871 1 0 30 71 0.000000
8872 1 0 30 72 0.000000
8873 1 0 30 73 0.000029
8874 1 0 30 74 0.000058
8875 1 0 30 75 0.000116
8891 1 0 31 11 0.001993
8892 1 0 31 12 0.000495
8893 1 0 31 13 0.002822
8906 1 0 31 26 0.003055
8911 1 0 31 31 0.006371
8914 1 0 31 34 0.000000
8919 1 0 31 39 0.000000
8921 1 0 31 41 0.001135
8929 1 0 31 49 0.000000
8930 1 0 31 50 0.001266
8936 1 0 31 56 0.000582
8937 1 0 31 57 0.000262
8938 1 0 31 58 0.000175
8939 1 0 31 59 0.000000
8942 1 0 31 62 0.004524
8947 1 0 31 67 0.000364
8948 1 0 31 68 0.000000
8949 1 0 31 69 0.000000
8950 1 0 31 70 0.000000
8951 1 0 31 71 0.000000
8952 1 0 31 72 0.000000
8953 1 0 31 73 0.000000
8954 1 0 31 74 0.000044
8955 1 0 31 75 0.000073
8964 1 0 32 4 0.000058
8965 1 0 32 5 0.000029
8966 1 0 32 6 0.000015
8967 1 0 32 7 0.000044
8968 1 0 32 8 0.000029
8969 1 0 32 9 0.000000
8970 1 0 32 10 0.000000
8971 1 0 32 11 0.000015
8972 1 0 32 12 0.000000
8973 1 0 32 13 0.000000
8974 1 0 32 14 0.000000
8975 1 0 32 15 0.000015
8976 1 0 32 16 0.000015
8977 1 0 32 17 0.000000
8978 1 0 32 18 0.000000
8979 1 0 32 19 0.000000
8980 1 0 32 20 0.000015
8981 1 0 32 21 0.000015
8982 1 0 32 22 0.000000
8983 1 0 32 23 0.000015
8984 1 0 32 24 0.000000
8985 1 0 32 25 0.000000
8986 1 0 32 26 0.000000
8987 1 0 32 27 0.000000
8992 1 0 32 32 0.000058
8993 1 0 32 33 0.000058
8994 1 0 32 34 0.000000
8995 1 0 32 35 0.000000
8996 1 0 32 36 0.000000
8997 1 0 32 37 0.000000
8998 1 0 32 38 0.000000
8999 1 0 32 39 0.000000
9000 1 0 32 40 0.000015
9001 1 0 32 41 0.000000
9002 1 0 32 42 0.000000
9003 1 0 32 43 0.000015
9004 1 0 32 44 0.000015
9005 1 0 32 45 0.000058
9006 1 0 32 46 0.000044
9007 1 0 32 47 0.000087
9016 1 0 32 56 0.000000
9017 1 0 32 57 0.000000
9020 1 0 32 60 0.000000
9021 1 0 32 61 0.000000
9022 1 0 32 62 0.000000
9023 1 0 32 63 0.000000
9036 1 0 32 76 0.000000
9037 1 0 32 77 0.000000
9038 1 0 32 78 0.000000
9039 1 0 32 79 0.000000
9044 1 0 33 4 0.000015
9045 1 0 33 5 0.000015
9046 1 0 33 6 0.000015
9047 1 0 33 7 0.000044
9048 1 0 33 8 0.000029
9049 1 0 33 9 0.000000
9050 1 0 33 10 0.000000
9051 1 0 33 11 0.000000
9052 1 0 33 12 0.000015
9053 1 0 33 13 0.000000
9054 1 0 33 14 0.000000
9055 1 0 33 15 0.000000
9056 1 0 33 16 0.000000
9057 1 0 33 17 0.000000
9058 1 0 33 18 0.000000
9059 1 0 33 19 0.000000
9060 1 0 33 20 0.000000
9061 1 0 33 21 0.000000
9062 1 0 33 22 0.000000
9063 1 0 33 23 0.000000
9064 1 0 33 24 0.000000
9065 1 0 33 25 0.000000
9066 1 0 33 26 0.000000
9067 1 0 33 27 0.000000
9072 1 0 33 32 0.000044
9073 1 0 33 33 0.000029
9074 1 0 33 34 0.000000
9075 1 0 33 35 0.000000
9076 1 0 33 36 0.000000
9077 1 0 33 37 0.000000
9078 1 0 33 38 0.000000
9079 1 0 33 39 0.000000
9080 1 0 33 40 0.000015
9081 1 0 33 41 0.000000
9082 1 0 33 42 0.000015
9083 1 0 33 43 0.000015
9084 1 0 33 44 0.000000
9085 1 0 33 45 0.000058
9086 1 0 33 46 0.000044
9087 1 0 33 47 0.000087
9097 1 0 33 57 0.000000
9100 1 0 33 60 0.000000
9101 1 0 33 61 0.000000
9102 1 0 33 62 0.000000
9103 1 0 33 63 0.000000
9116 1 0 33 76 0.000000
9117 1 0 33 77 0.000000
9118 1 0 33 78 0.000000
9119 1 0 33 79 0.000000
9124 1 0 34 4 0.000015
9125 1 0 34 5 0.000015
9126 1 0 34 6 0.000015
9127 1 0 34 7 0.000058
9128 1 0 34 8 0.000015
9129 1 0 34 9 0.000000
9130 1 0 34 10 0.000000
9131 1 0 34 11 0.000000
9132 1 0 34 12 0.000000
9133 1 0 34 13 0.000000
9134 1 0 34 14 0.000000
9135 1 0 34 15 0.000015
9136 1 0 34 16 0.000000
9137 1 0 34 17 0.000000
9138 1 0 34 18 0.000000
9139 1 0 34 19 0.000000
9140 1 0 34 20 0.000015
9141 1 0 34 21 0.000000
9142 1 0 34 22 0.000000
9143 1 0 34 23 0.000000
9144 1 0 34 24 0.000000
9145 1 0 34 25 0.000015
9146 1 0 34 26 0.000000
9147 1 0 34 27 0.000000
9152 1 0 34 32 0.000058
9153 1 0 34 33 0.000015
9154 1 0 34 34 0.000000
9155 1 0 34 35 0.000000
9156 1 0 34 36 0.000000
9157 1 0 34 37 0.000000
9158 1 0 34 38 0.000000
9159 1 0 34 39 0.000000
9160 1 0 34 40 0.000015
9161 1 0 34 41 0.000015
9162 1 0 34 42 0.000015
9163 1 0 34 43 0.000015
9164 1 0 34 44 0.000015
9165 1 0 34 45 0.000087
9166 1 0 34 46 0.000029
9167 1 0 34 47 0.000131
9177 1 0 34 57 0.000000
9180 1 0 34 60 0.000000
9181 1 0 34 61 0.000000
9182 1 0 34 62 0.000000
9183 1 0 34 63 0.000000
9196 1 0 34 76 0.000000
9197 1 0 34 77 0.000000
9198 1 0 34 78 0.000000
9199 1 0 34 79 0.000000
9204 1 0 35 4 0.000015
9205 1 0 35 5 0.000015
9206 1 0 35 6 0.000015
9207 1 0 35 7 0.000058
9208 1 0 35 8 0.000029
9209 1 0 35 9 0.000000
9210 1 0 35 10 0.000000
9211 1 0 35 11 0.000000
9212 1 0 35 12 0.000000
9213 1 0 35 13 0.000000
9214 1 0 35 14 0.000000
9215 1 0 35 15 0.000000
9216 1 0 35 16 0.000000
9217 1 0 35 17 0.000000
9218 1 0 35 18 0.000000
9219 1 0 35 19 0.000000
9220 1 0 35 20 0.000000
9221 1 0 35 21 0.000000
9222 1 0 35 22 0.000000
9223 1 0 35 23 0.000015
9224 1 0 35 24 0.000044
9225 1 0 35 25 0.000000
9226 1 0 35 26 0.000000
9227 1 0 35 27 0.000000
9232 1 0 35 32 0.000029
9233 1 0 35 33 0.000015
9234 1 0 35 34 0.000000
9235 1 0 35 35 0.000000
9236 1 0 35 36 0.000000
9237 1 0 35 37 0.000000
9238 1 0 35 38 0.000000
9239 1 0 35 39 0.000000
9240 1 0 35 40 0.000015
9241 1 0 35 41 0.000000
9242 1 0 35 42 0.000015
9243 1 0 35 43 0.000015
9244 1 0 35 44 0.000000
9245 1 0 35 45 0.000073
9246 1 0 35 46 0.000044
9247 1 0 35 47 0.000087
9257 1 0 35 57 0.000000
9260 1 0 35 60 0.000000
9261 1 0 35 61 0.000000
9262 1 0 35 62 0.000000
9263 1 0 35 63 0.000000
9276 1 0 35 76 0.000000
9277 1 0 35 77 0.000000
9278 1 0 35 78 0.000000
9279 1 0 35 79 0.000000
9280 1 0 36 0 0.000000
9281 1 0 36 1 0.000000
9282 1 0 36 2 0.000000
9283 1 0 36 3 0.000000
9284 1 0 36 4 0.000000
9285 1 0 36 5 0.000000
9286 1 0 36 6 0.000000
9287 1 0 36 7 0.000000
9288 1 0 36 8 0.000000
9289 1 0 36 9 0.000000
9290 1 0 36 10 0.000000
9291 1 0 36 11 0.000000
9292 1 0 36 12 0.000000
9293 1 0 36 13 0.000000
9294 1 0 36 14 0.000000
9295 1 0 36 15 0.000000
9296 1 0 36 16 0.000000
9297 1 0 36 17 0.000000
9298 1 0 36 18 0.000000
9299 1 0 36 19 0.000000
9300 1 0 36 20 0.000000
9301 1 0 36 21 0.000000
9302 1 0 36 22 0.000000
9303 1 0 36 23 0.000000
9304 1 0 36 24 0.000000
9305 1 0 36 25 0.000029
9306 1 0 36 26 0.000000
9307 1 0 36 27 0.000087
9308 1 0 36 28 0.003898
9312 1 0 36 32 0.000000
9313 1 0 36 33 0.000000
9314 1 0 36 34 0.000000
9315 1 0 36 35 0.000000
9316 1 0 36 36 0.000000
9317 1 0 36 37 0.000000
9318 1 0 36 38 0.000000
9319 1 0 36 39 0.000000
9320 1 0 36 40 0.000000
9321 1 0 36 41 0.000000
9322 1 0 36 42 0.000000
9323 1 0 36 43 0.000000
9324 1 0 36 44 0.000000
9325 1 0 36 45 0.000000
9326 1 0 36 46 0.000000
9327 1 0 36 47 0.000000
9328 1 0 36 48 0.006779
9329 1 0 36 49 0.000000
9330 1 0 36 50 0.000509
9340 1 0 36 60 0.000000
9341 1 0 36 61 0.000000
9342 1 0 36 62 0.000000
9343 1 0 36 63 0.000000
9360 1 0 37 0 0.000000
9361 1 0 37 1 0.000000
9362 1 0 37 2 0.000000
9363 1 0 37 3 0.000000
9364 1 0 37 4 0.000000
9365 1 0 37 5 0.000000
9366 1 0 37 6 0.000000
9367 1 0 37 7 0.000000
9368 1 0 37 8 0.000000
9369 1 0 37 9 0.000000
9370 1 0 37 10 0.000000
9371 1 0 37 11 0.000000
9372 1 0 37 12 0.000000
9373 1 0 37 13 0.000000
9374 1 0 37 14 0.000000
9375 1 0 37 15 0.000000
9376 1 0 37 16 0.000000
9377 1 0 37 17 0.000000
9378 1 0 37 18 0.000000
9379 1 0 37 19 0.000000
9380 1 0 37 20 0.000000
9381 1 0 37 21 0.000000
9382 1 0 37 22 0.000000
9383 1 0 37 23 0.000000
9384 1 0 37 24 0.000000
9385 1 0 37 25 0.000044
9386 1 0 37 26 0.000000
9387 1 0 37 27 0.000116
9392 1 0 37 32 0.000000
9393 1 0 37 33 0.000000
9394 1 0 37 34 0.000000
9395 1 0 37 35 0.000000
9396 1 0 37 36 0.000000
9397 1 0 37 37 0.000000
9398 1 0 37 38 0.000000
9399 1 0 37 39 0.000000
9400 1 0 37 40 0.000000
9401 1 0 37 41 0.000000
9402 1 0 37 42 0.000000
9403 1 0 37 43 0.000000
9404 1 0 37 44 0.000000
9405 1 0 37 45 0.000000
9406 1 0 37 46 0.000000
9407 1 0 37 47 0.000000
9420 1 0 37 60 0.000000
9421 1 0 37 61 0.000000
9422 1 0 37 62 0.000000
9423 1 0 37 63 0.000000
9435 1 0 37 75 0.000029
9440 1 0 38 0 0.000000
9441 1 0 38 1 0.000000
9442 1 0 38 2 0.000000
9443 1 0 38 3 0.000000
9444 1 0 38 4 0.000000
9445 1 0 38 5 0.000000
9446 1 0 38 6 0.000000
9447 1 0 38 7 0.000000
9448 1 0 38 8 0.000000
9449 1 0 38 9 0.000000
9450 1 0 38 10 0.000000
9451 1 0 38 11 0.000000
9452 1 0 38 12 0.000000
9453 1 0 38 13 0.000000
9454 1 0 38 14 0.000000
9455 1 0 38 15 0.000000
9456 1 0 38 16 0.000000
9457 1 0 38 17 0.000000
9458 1 0 38 18 0.000000
9459 1 0 38 19 0.000000
9460 1 0 38 20 0.000000
9461 1 0 38 21 0.000000
9462 1 0 38 22 0.000000
9463 1 0 38 23 0.000000
9464 1 0 38 24 0.000000
9465 1 0 38 25 0.000000
9466 1 0 38 26 0.000000
9467 1 0 38 27 0.000000
9468 1 0 38 28 0.000000
9469 1 0 38 29 0.000000
9470 1 0 38 30 0.000000
9471 1 0 38 31 0.000000
9472 1 0 38 32 0.000000
9473 1 0 38 33 0.000000
9474 1 0 38 34 0.000000
9475 1 0 38 35 0.000000
9476 1 0 38 36 0.000000
9477 1 0 38 37 0.000000
9478 1 0 38 38 0.000000
9479 1 0 38 39 0.000000
9480 1 0 38 40 0.000000
9481 1 0 38 41 0.000000
9482 1 0 38 42 0.000000
9483 1 0 38 43 0.000000
9484 1 0 38 44 0.000000
9485 1 0 38 45 0.000000
9486 1 0 38 46 0.000000
9487 1 0 38 47 0.000000
9488 1 0 38 48 0.000000
9489 1 0 38 49 0.000000
9490 1 0 38 50 0.000000
9491 1 0 38 51 0.000000
9492 1 0 38 52 0.000000
9493 1 0 38 53 0.000000
9494 1 0 38 54 0.000000
9495 1 0 38 55 0.000000
9496 1 0 38 56 0.000000
9497 1 0 38 57 0.000000
9498 1 0 38 58 0.000000
9499 1 0 38 59 0.000000
9500 1 0 38 60 0.000000
9501 1 0 38 61 0.000000
9502 1 0 38 62 0.000000
9503 1 0 38 63 0.000000
9504 1 0 38 64 0.000000
9505 1 0 38 65 0.000000
9506 1 0 38 66 0.000000
9507 1 0 38 67 0.000000
9508 1 0 38 68 0.000000
9509 1 0 38 69 0.000000
9510 1 0 38 70 0.000000
9511 1 0 38 71 0.000000
9512 1 0 38 72 0.000000
9513 1 0 38 73 0.000000
9514 1 0 38 74 0.000000
9515 1 0 38 75 0.000000
9516 1 0 38 76 0.000000
9517 1 0 38 77 0.000000
9518 1 0 38 78 0.000000
9519 1 0 38 79 0.000000
9520 1 0 39 0 0.000000
9521 1 0 39 1 0.000000
9522 1 0 39 2 0.000000
9523 1 0 39 3 0.000000
9524 1 0 39 4 0.000000
9525 1 0 39 5 0.000000
9526 1 0 39 6 0.000000
9527 1 0 39 7 0.000000
9528 1 0 39 8 0.000000
9529 1 0 39 9 0.000000
9530 1 0 39 10 0.000000
9531 1 0 39 11 0.000000
9532 1 0 39 12 0.000000
9533 1 0 39 13 0.000000
9534 1 0 39 14 0.000000
9535 1 0 39 15 0.000000
9536 1 0 39 16 0.000000
9537 1 0 39 17 0.000000
9538 1 0 39 18 0.000000
9539 1 0 39 19 0.000000
9540 1 0 39 20 0.000000
9541 1 0 39 21 0.000000
9542 1 0 39 22 0.000000
9543 1 0 39 23 0.000000
9544 1 0 39 24 0.000000
9545 1 0 39 25 0.000000
9546 1 0 39 26 0.000000
9547 1 0 39 27 0.000000
9548 1 0 39 28 0.000000
9549 1 0 39 29 0.000000
9550 1 0 39 30 0.000000
9551 1 0 39 31 0.000000
9552 1 0 39 32 0.000000
9553 1 0 39 33 0.000000
9554 1 0 39 34 0.000000
9555 1 0 39 35 0.000000
9556 1 0 39 36 0.000000
9557 1 0 39 37 0.000000
9558 1 0 39 38 0.000000
9559 1 0 39 39 0.000000
9560 1 0 39 40 0.000000
9561 1 0 39 41 0.000000
9562 1 0 39 42 0.000000
9563 1 0 39 43 0.000000
9564 1 0 39 44 0.000000
9565 1 0 39 45 0.000000
9566 1 0 39 46 0.000000
9567 1 0 39 47 0.000000
9568 1 0 39 48 0.000000
9569 1 0 39 49 0.000000
9570 1 0 39 50 0.000000
9571 1 0 39 51 0.000000
9572 1 0 39 52 0.000000
9573 1 0 39 53 0.000000
9574 1 0 39 54 0.000000
9575 1 0 39 55 0.000000
9576 1 0 39 56 0.000000
9577 1 0 39 57 0.000000
9578 1 0 39 58 0.000000
9579 1 0 39 59 0.000000
9580 1 0 39 60 0.000000
9581 1 0 39 61 0.000000
9582 1 0 39 62 0.000000
9583 1 0 39 63 0.000000
9584 1 0 39 64 0.000000
9585 1 0 39 65 0.000000
9586 1 0 39 66 0.000000
9587 1 0 39 67 0.000000
9588 1 0 39 68 0.000000
9589 1 0 39 69 0.000000
9590 1 0 39 70 0.000000
9591 1 0 39 71 0.000000
9592 1 0 39 72 0.000000
9593 1 0 39 73 0.000000
9594 1 0 39 74 0.000000
9595 1 0 39 75 0.000000
9596 1 0 39 76 0.000000
9597 1 0 39 77 0.000000
9598 1 0 39 78 0.000000
9599 1 0 39 79 0.000000
9622 1 1 0 22 0.001484
9624 1 1 0 24 0.000000
9625 1 1 0 25 0.000000
9628 1 1 0 28 0.000145
9629 1 1 0 29 0.000102
9630 1 1 0 30 0.000102
9631 1 1 0 31 0.000291
9637 1 1 0 37 0.000335
9647 1 1 0 47 0.001033
9664 1 1 0 64 0.000000
9688 1 1 1 8 0.005557
9704 1 1 1 24 0.000000
9705 1 1 1 25 0.000000
9708 1 1 1 28 0.000116
9709 1 1 1 29 0.000116
9710 1 1 1 30 0.000044
9711 1 1 1 31 0.000204
9734 1 1 1 54 0.000044
9760 1 1 2 0 0.000625
9766 1 1 2 6 0.000335
9784 1 1 2 24 0.000000
9785 1 1 2 25 0.000000
9788 1 1 2 28 0.000407
9789 1 1 2 29 0.000276
9790 1 1 2 30 0.000131
9791 1 1 2 31 0.000436
9800 1 1 2 40 0.000698
9824 1 1 2 64 0.000000
9864 1 1 3 24 0.000000
9865 1 1 3 25 0.000000
9868 1 1 3 28 0.000233
9869 1 1 3 29 0.000145
9870 1 1 3 30 0.000087
9871 1 1 3 31 0.000349
9944 1 1 4 24 0.000000
9945 1 1 4 25 0.000000
9948 1 1 4 28 0.000291
9949 1 1 4 29 0.000131
9950 1 1 4 30 0.000044
9951 1 1 4 31 0.000247
9960 1 1 4 40 0.000567
9978 1 1 4 58 0.000000
10024 1 1 5 24 0.000000
10025 1 1 5 25 0.000000
10028 1 1 5 28 0.000320
10029 1 1 5 29 0.000189
10030 1 1 5 30 0.000116
10031 1 1 5 31 0.000335
10058 1 1 5 58 0.000000
10104 1 1 6 24 0.000000
10105 1 1 6 25 0.000000
10108 1 1 6 28 0.000305
10109 1 1 6 29 0.000131
10110 1 1 6 30 0.000087
10111 1 1 6 31 0.000393
10138 1 1 6 58 0.000000
10144 1 1 6 64 0.000000
10184 1 1 7 24 0.000000
10185 1 1 7 25 0.000000
10188 1 1 7 28 0.001266
10189 1 1 7 29 0.000276
10190 1 1 7 30 0.000160
10191 1 1 7 31 0.000436
10218 1 1 7 58 0.000000
10224 1 1 7 64 0.000000
10239 1 1 7 79 0.000495
10264 1 1 8 24 0.000000
10265 1 1 8 25 0.000000
10268 1 1 8 28 0.000175
10269 1 1 8 29 0.000044
10270 1 1 8 30 0.000073
10271 1 1 8 31 0.000247
10310 1 1 8 70 0.000000
10344 1 1 9 24 0.000000
10345 1 1 9 25 0.000000
10348 1 1 9 28 0.000204
10349 1 1 9 29 0.000058
10350 1 1 9 30 0.000058
10351 1 1 9 31 0.000204
10384 1 1 9 64 0.000000
10390 1 1 9 70 0.000000
10424 1 1 10 24 0.000000
10425 1 1 10 25 0.000000
10428 1 1 10 28 0.000233
10429 1 1 10 29 0.000131
10430 1 1 10 30 0.000087
10431 1 1 10 31 0.000378
10436 1 1 10 36 0.000204
10464 1 1 10 64 0.000000
10470 1 1 10 70 0.000000
10502 1 1 11 22 0.002647
10504 1 1 11 24 0.000000
10505 1 1 11 25 0.000000
10508 1 1 11 28 0.000524
10509 1 1 11 29 0.000029
10510 1 1 11 30 0.000044
10511 1 1 11 31 0.000189
10516 1 1 11 36 0.001629
10550 1 1 11 70 0.000000
10560 1 1 12 0 0.000000
10561 1 1 12 1 0.000000
10562 1 1 12 2 0.000000
10563 1 1 12 3 0.000000
10572 1 1 12 12 0.000058
10573 1 1 12 13 0.000044
10574 1 1 12 14 0.000015
10575 1 1 12 15 0.000015
10580 1 1 12 20 0.000073
10581 1 1 12 21 0.000044
10582 1 1 12 22 0.000000
10583 1 1 12 23 0.000000
10596 1 1 12 36 0.000000
10597 1 1 12 37 0.000000
10598 1 1 12 38 0.000000
10599 1 1 12 39 0.000000
10600 1 1 12 40 0.000015
10601 1 1 12 41 0.000058
10602 1 1 12 42 0.000044
10603 1 1 12 43 0.000102
10612 1 1 12 52 0.000073
10613 1 1 12 53 0.000000
10614 1 1 12 54 0.000000
10615 1 1 12 55 0.000015
10624 1 1 12 64 0.000044
10625 1 1 12 65 0.000073
10626 1 1 12 66 0.000044
10627 1 1 12 67 0.000000
10640 1 1 13 0 0.000000
10641 1 1 13 1 0.000000
10642 1 1 13 2 0.000000
10643 1 1 13 3 0.000000
10652 1 1 13 12 0.000044
10653 1 1 13 13 0.000058
10654 1 1 13 14 0.000015
10655 1 1 13 15 0.000015
10660 1 1 13 20 0.000058
10661 1 1 13 21 0.000029
10662 1 1 13 22 0.000000
10663 1 1 13 23 0.000000
10676 1 1 13 36 0.000000
10677 1 1 13 37 0.000000
10678 1 1 13 38 0.000000
10679 1 1 13 39 0.000000
10680 1 1 13 40 0.000015
10681 1 1 13 41 0.000029
10682 1 1 13 42 0.000029
10683 1 1 13 43 0.000073
10692 1 1 13 52 0.000044
10693 1 1 13 53 0.000000
10694 1 1 13 54 0.000000
10695 1 1 13 55 0.000058
10704 1 1 13 64 0.000044
10705 1 1 13 65 0.000073
10706 1 1 13 66 0.000029
10707 1 1 13 67 0.000015
10720 1 1 14 0 0.000000
10721 1 1 14 1 0.000000
10722 1 1 14 2 0.000000
10723 1 1 14 3 0.000000
10732 1 1 14 12 0.000058
10733 1 1 14 13 0.000073
10734 1 1 14 14 0.000015
10735 1 1 14 15 0.000015
10740 1 1 14 20 0.000058
10741 1 1 14 21 0.000044
10742 1 1 14 22 0.000029
10743 1 1 14 23 0.000145
10756 1 1 14 36 0.000000
10757 1 1 14 37 0.000000
10758 1 1 14 38 0.000000
10759 1 1 14 39 0.000000
10760 1 1 14 40 0.000029
10761 1 1 14 41 0.000029
10762 1 1 14 42 0.000044
10763 1 1 14 43 0.000102
10772 1 1 14 52 0.000116
10773 1 1 14 53 0.002589
10774 1 1 14 54 0.000015
10775 1 1 14 55 0.000044
10784 1 1 14 64 0.000029
10785 1 1 14 65 0.000058
10786 1 1 14 66 0.000044
10787 1 1 14 67 0.000015
10800 1 1 15 0 0.000000
10801 1 1 15 1 0.000000
10802 1 1 15 2 0.000000
10803 1 1 15 3 0.000000
10812 1 1 15 12 0.000058
10813 1 1 15 13 0.000058
10814 1 1 15 14 0.000015
10815 1 1 15 15 0.000029
10820 1 1 15 20 0.000058
10821 1 1 15 21 0.000015
10822 1 1 15 22 0.000000
10823 1 1 15 23 0.000102
10836 1 1 15 36 0.000000
10837 1 1 15 37 0.000000
10838 1 1 15 38 0.000000
10839 1 1 15 39 0.000000
10840 1 1 15 40 0.000015
10841 1 1 15 41 0.000015
10842 1 1 15 42 0.000029
10843 1 1 15 43 0.000073
10852 1 1 15 52 0.000044
10853 1 1 15 53 0.000000
10854 1 1 15 54 0.000000
10855 1 1 15 55 0.000044
10864 1 1 15 64 0.000044
10865 1 1 15 65 0.000029
10866 1 1 15 66 0.000029
10867 1 1 15 67 0.000000
10883 1 1 16 3 0.001993
10892 1 1 16 12 0.000029
10893 1 1 16 13 0.000000
10894 1 1 16 14 0.000000
10895 1 1 16 15 0.000000
10900 1 1 16 20 0.000000
10901 1 1 16 21 0.000000
10902 1 1 16 22 0.000000
10903 1 1 16 23 0.000000
10916 1 1 16 36 0.000000
10917 1 1 16 37 0.000000
10918 1 1 16 38 0.000000
10919 1 1 16 39 0.000000
10920 1 1 16 40 0.000000
10921 1 1 16 41 0.000000
10922 1 1 16 42 0.000015
10923 1 1 16 43 0.000087
10932 1 1 16 52 0.000073
10933 1 1 16 53 0.000000
10934 1 1 16 54 0.000000
10935 1 1 16 55 0.000029
10944 1 1 16 64 0.000000
10945 1 1 16 65 0.000029
10946 1 1 16 66 0.000000
10947 1 1 16 67 0.000000
10955 1 1 16 75 0.006517
10956 1 1 16 76 0.000000
10957 1 1 16 77 0.000000
10958 1 1 16 78 0.000000
10959 1 1 16 79 0.000000
10972 1 1 17 12 0.000029
10973 1 1 17 13 0.000000
10974 1 1 17 14 0.000000
10975 1 1 17 15 0.000000
10980 1 1 17 20 0.000015
10981 1 1 17 21 0.000000
10982 1 1 17 22 0.000000
10983 1 1 17 23 0.000000
10996 1 1 17 36 0.000000
10997 1 1 17 37 0.000000
10998 1 1 17 38 0.000000
10999 1 1 17 39 0.000000
11000 1 1 17 40 0.000000
11001 1 1 17 41 0.000015
11002 1 1 17 42 0.000015
11003 1 1 17 43 0.000073
11012 1 1 17 52 0.000087
11013 1 1 17 53 0.000000
11014 1 1 17 54 0.000000
11015 1 1 17 55 0.000044
11024 1 1 17 64 0.000015
11025 1 1 17 65 0.000058
11026 1 1 17 66 0.000015
11027 1 1 17 67 0.000000
11036 1 1 17 76 0.000000
11037 1 1 17 77 0.000000
11038 1 1 17 78 0.000000
11039 1 1 17 79 0.000000
11052 1 1 18 12 0.000015
11053 1 1 18 13 0.000000
11054 1 1 18 14 0.000000
11055 1 1 18 15 0.000000
11060 1 1 18 20 0.000000
11061 1 1 18 21 0.000000
11062 1 1 18 22 0.000000
11063 1 1 18 23 0.000000
11070 1 1 18 30 0.000000
11076 1 1 18 36 0.000000
11077 1 1 18 37 0.000000
11078 1 1 18 38 0.000000
11079 1 1 18 39 0.000000
11080 1 1 18 40 0.000000
11081 1 1 18 41 0.000000
11082 1 1 18 42 0.000015
11083 1 1 18 43 0.000087
11092 1 1 18 52 0.000073
11093 1 1 18 53 0.000000
11094 1 1 18 54 0.000000
11095 1 1 18 55 0.000015
11104 1 1 18 64 0.000029
11105 1 1 18 65 0.000044
11106 1 1 18 66 0.000000
11107 1 1 18 67 0.000000
11116 1 1 18 76 0.000000
11117 1 1 18 77 0.000000
11118 1 1 18 78 0.000000
11119 1 1 18 79 0.000000
11132 1 1 19 12 0.000058
11133 1 1 19 13 0.000029
11134 1 1 19 14 0.000000
11135 1 1 19 15 0.000000
11140 1 1 19 20 0.000029
11141 1 1 19 21 0.000000
11142 1 1 19 22 0.000000
11143 1 1 19 23 0.000029
11150 1 1 19 30 0.000000
11156 1 1 19 36 0.000000
11157 1 1 19 37 0.000000
11158 1 1 19 38 0.000000
11159 1 1 19 39 0.000000
11160 1 1 19 40 0.000000
11161 1 1 19 41 0.000029
11162 1 1 19 42 0.000044
11163 1 1 19 43 0.000175
11172 1 1 19 52 0.000131
11173 1 1 19 53 0.000000
11174 1 1 19 54 0.000000
11175 1 1 19 55 0.000073
11184 1 1 19 64 0.000029
11185 1 1 19 65 0.000058
11186 1 1 19 66 0.000000
11187 1 1 19 67 0.000015
11196 1 1 19 76 0.000000
11197 1 1 19 77 0.000000
11198 1 1 19 78 0.000000
11199 1 1 19 79 0.000000
11226 1 1 20 26 0.000000
11234 1 1 20 34 0.000015
11236 1 1 20 36 0.000000
11239 1 1 20 39 0.000000
11241 1 1 20 41 0.000000
11243 1 1 20 43 0.000015
11250 1 1 20 50 0.000000
11251 1 1 20 51 0.000218
11256 1 1 20 56 0.000000
11257 1 1 20 57 0.000000
11258 1 1 20 58 0.000247
11259 1 1 20 59 0.000378
11267 1 1 20 67 0.000000
11268 1 1 20 68 0.000000
11269 1 1 20 69 0.000000
11270 1 1 20 70 0.000000
11271 1 1 20 71 0.000000
11272 1 1 20 72 0.000015
11273 1 1 20 73 0.000058
11274 1 1 20 74 0.000087
11275 1 1 20 75 0.000102
11306 1 1 21 26 0.000000
11314 1 1 21 34 0.000000
11316 1 1 21 36 0.000000
11319 1 1 21 39 0.000000
11321 1 1 21 41 0.000000
11323 1 1 21 43 0.000160
11330 1 1 21 50 0.000000
11336 1 1 21 56 0.000116
11337 1 1 21 57 0.000000
11338 1 1 21 58 0.000131
11339 1 1 21 59 0.000305
11347 1 1 21 67 0.000000
11348 1 1 21 68 0.000000
11349 1 1 21 69 0.000000
11350 1 1 21 70 0.000015
11351 1 1 21 71 0.000000
11352 1 1 21 72 0.000000
11353 1 1 21 73 0.000015
11354 1 1 21 74 0.000087
11355 1 1 21 75 0.000102
11363 1 1 22 3 0.006851
11386 1 1 22 26 0.000015
11394 1 1 22 34 0.000000
11396 1 1 22 36 0.000000
11399 1 1 22 39 0.000000
11401 1 1 22 41 0.000000
11406 1 1 22 46 0.003971
11410 1 1 22 50 0.000000
11416 1 1 22 56 0.001135
11417 1 1 22 57 0.000000
11418 1 1 22 58 0.000131
11419 1 1 22 59 0.000262
11427 1 1 22 67 0.000000
11428 1 1 22 68 0.000015
11429 1 1 22 69 0.000000
11430 1 1 22 70 0.000000
11431 1 1 22 71 0.000000
11432 1 1 22 72 0.000000
11433 1 1 22 73 0.000029
11434 1 1 22 74 0.000029
11435 1 1 22 75 0.000116
11466 1 1 23 26 0.000015
11474 1 1 23 34 0.000000
11476 1 1 23 36 0.000000
11479 1 1 23 39 0.000000
11481 1 1 23 41 0.000000
11490 1 1 23 50 0.000000
11496 1 1 23 56 0.000436
11497 1 1 23 57 0.000000
11498 1 1 23 58 0.000175
11499 1 1 23 59 0.000393
11507 1 1 23 67 0.000000
11508 1 1 23 68 0.000000
11509 1 1 23 69 0.000000
11510 1 1 23 70 0.000000
11511 1 1 23 71 0.000000
11512 1 1 23 72 0.000015
11513 1 1 23 73 0.000015
11514 1 1 23 74 0.000073
11515 1 1 23 75 0.000102
11546 1 1 24 26 0.000000
11554 1 1 24 34 0.000000
11556 1 1 24 36 0.000000
11559 1 1 24 39 0.000000
11561 1 1 24 41 0.000000
11563 1 1 24 43 0.009164
11568 1 1 24 48 0.000000
11570 1 1 24 50 0.000000
11576 1 1 24 56 0.000000
11577 1 1 24 57 0.000000
11578 1 1 24 58 0.000000
11579 1 1 24 59 0.000204
11587 1 1 24 67 0.000000
11588 1 1 24 68 0.000015
11589 1 1 24 69 0.000000
11590 1 1 24 70 0.000000
11591 1 1 24 71 0.000000
11592 1 1 24 72 0.000000
11593 1 1 24 73 0.000015
11594 1 1 24 74 0.000073
11595 1 1 24 75 0.000116
11600 1 1 25 0 0.000975
11626 1 1 25 26 0.000000
11634 1 1 25 34 0.000000
11636 1 1 25 36 0.000000
11639 1 1 25 39 0.000000
11641 1 1 25 41 0.000015
11650 1 1 25 50 0.000000
11656 1 1 25 56 0.000000
11657 1 1 25 57 0.000000
11658 1 1 25 58 0.000160
11659 1 1 25 59 0.000422
11667 1 1 25 67 0.000000
11668 1 1 25 68 0.000000
11669 1 1 25 69 0.000000
11670 1 1 25 70 0.000000
11671 1 1 25 71 0.000000
11672 1 1 25 72 0.000015
11673 1 1 25 73 0.000044
11674 1 1 25 74 0.000087
11675 1 1 25 75 0.000102
11685 1 1 26 5 0.005629
11706 1 1 26 26 0.000000
11714 1 1 26 34 0.000000
11716 1 1 26 36 0.000000
11719 1 1 26 39 0.000000
11721 1 1 26 41 0.000000
11723 1 1 26 43 0.000538
11730 1 1 26 50 0.000000
11736 1 1 26 56 0.000000
11737 1 1 26 57 0.000000
11738 1 1 26 58 0.000102
11739 1 1 26 59 0.000233
11747 1 1 26 67 0.000000
11748 1 1 26 68 0.000000
11749 1 1 26 69 0.000000
11750 1 1 26 70 0.000000
11751 1 1 26 71 0.000000
11752 1 1 26 72 0.000000
11753 1 1 26 73 0.000015
11754 1 1 26 74 0.000044
11755 1 1 26 75 0.000102
11786 1 1 27 26 0.000000
11794 1 1 27 34 0.000000
11796 1 1 27 36 0.000000
11799 1 1 27 39 0.000000
11801 1 1 27 41 0.000000
11810 1 1 27 50 0.000000
11816 1 1 27 56 0.000625
11817 1 1 27 57 0.000000
11818 1 1 27 58 0.000204
11819 1 1 27 59 0.000436
11827 1 1 27 67 0.000000
11828 1 1 27 68 0.000000
11829 1 1 27 69 0.000044
11830 1 1 27 70 0.000000
11831 1 1 27 71 0.000015
11832 1 1 27 72 0.000000
11833 1 1 27 73 0.000029
11834 1 1 27 74 0.000087
11835 1 1 27 75 0.000116
11866 1 1 28 26 0.000000
11874 1 1 28 34 0.000000
11876 1 1 28 36 0.000000
11879 1 1 28 39 0.000000
11881 1 1 28 41 0.000000
11890 1 1 28 50 0.000000
11896 1 1 28 56 0.000044
11897 1 1 28 57 0.000000
11898 1 1 28 58 0.000058
11899 1 1 28 59 0.000131
11907 1 1 28 67 0.000000
11908 1 1 28 68 0.000000
11909 1 1 28 69 0.000000
11910 1 1 28 70 0.000000
11911 1 1 28 71 0.000000
11912 1 1 28 72 0.000000
11913 1 1 28 73 0.000015
11914 1 1 28 74 0.000044
11915 1 1 28 75 0.000102
11946 1 1 29 26 0.000015
11954 1 1 29 34 0.000000
11956 1 1 29 36 0.000000
11959 1 1 29 39 0.000000
11961 1 1 29 41 0.000000
11970 1 1 29 50 0.000000
11976 1 1 29 56 0.000145
11977 1 1 29 57 0.000000
11978 1 1 29 58 0.000102
11979 1 1 29 59 0.000276
11987 1 1 29 67 0.000000
11988 1 1 29 68 0.000000
11989 1 1 29 69 0.000000
11990 1 1 29 70 0.000000
11991 1 1 29 71 0.000000
11992 1 1 29 72 0.000000
11993 1 1 29 73 0.000015
11994 1 1 29 74 0.000073
11995 1 1 29 75 0.000102
12026 1 1 30 26 0.000000
12034 1 1 30 34 0.000000
12036 1 1 30 36 0.000000
12039 1 1 30 39 0.000000
12041 1 1 30 41 0.000000
12050 1 1 30 50 0.000000
12056 1 1 30 56 0.000145
12057 1 1 30 57 0.000000
12058 1 1 30 58 0.000175
12059 1 1 30 59 0.000262
12067 1 1 30 67 0.000000
12068 1 1 30 68 0.000000
12069 1 1 30 69 0.000000
12070 1 1 30 70 0.000000
12071 1 1 30 71 0.000000
12072 1 1 30 72 0.000000
12073 1 1 30 73 0.000029
12074 1 1 30 74 0.000073
12075 1 1 30 75 0.000102
12106 1 1 31 26 0.000000
12114 1 1 31 34 0.000000
12116 1 1 31 36 0.000000
12117 1 1 31 37 0.000000
12119 1 1 31 39 0.000000
12121 1 1 31 41 0.000000
12130 1 1 31 50 0.000000
12136 1 1 31 56 0.000102
12137 1 1 31 57 0.000000
12138 1 1 31 58 0.000073
12139 1 1 31 59 0.000204
12147 1 1 31 67 0.000000
12148 1 1 31 68 0.000000
12149 1 1 31 69 0.000000
12150 1 1 31 70 0.000000
12151 1 1 31 71 0.000000
12152 1 1 31 72 0.000000
12153 1 1 31 73 0.000029
12154 1 1 31 74 0.000044
12155 1 1 31 75 0.000102
12160 1 1 32 0 0.000000
12161 1 1 32 1 0.000000
12162 1 1 32 2 0.000000
12163 1 1 32 3 0.000000
12168 1 1 32 8 0.000044
12169 1 1 32 9 0.000000
12170 1 1 32 10 0.000000
12171 1 1 32 11 0.000044
12172 1 1 32 12 0.000000
12173 1 1 32 13 0.000000
12174 1 1 32 14 0.000000
12175 1 1 32 15 0.000000
12176 1 1 32 16 0.000000
12177 1 1 32 17 0.000000
12178 1 1 32 18 0.000000
12179 1 1 32 19 0.000000
12180 1 1 32 20 0.000000
12181 1 1 32 21 0.000000
12182 1 1 32 22 0.000000
12183 1 1 32 23 0.000000
12184 1 1 32 24 0.000029
12185 1 1 32 25 0.000000
12186 1 1 32 26 0.000000
12187 1 1 32 27 0.000000
12188 1 1 32 28 0.000000
12189 1 1 32 29 0.000000
12190 1 1 32 30 0.000000
12191 1 1 32 31 0.000000
12196 1 1 32 36 0.000000
12197 1 1 32 37 0.000000
12198 1 1 32 38 0.000000
12199 1 1 32 39 0.000000
12200 1 1 32 40 0.000000
12201 1 1 32 41 0.000000
12202 1 1 32 42 0.000000
12203 1 1 32 43 0.000000
12204 1 1 32 44 0.000015
12205 1 1 32 45 0.000000
12206 1 1 32 46 0.000015
12207 1 1 32 47 0.000000
12208 1 1 32 48 0.000015
12209 1 1 32 49 0.000044
12210 1 1 32 50 0.000044
12211 1 1 32 51 0.000073
12224 1 1 32 64 0.000000
12225 1 1 32 65 0.000000
12226 1 1 32 66 0.000000
12227 1 1 32 67 0.000000
12240 1 1 33 0 0.000000
12241 1 1 33 1 0.000000
12242 1 1 33 2 0.000000
12243 1 1 33 3 0.000000
12248 1 1 33 8 0.000015
12249 1 1 33 9 0.000000
12250 1 1 33 10 0.000000
12251 1 1 33 11 0.000044
12252 1 1 33 12 0.000000
12253 1 1 33 13 0.000000
12254 1 1 33 14 0.000000
12255 1 1 33 15 0.000000
12256 1 1 33 16 0.000015
12257 1 1 33 17 0.000000
12258 1 1 33 18 0.000000
12259 1 1 33 19 0.000000
12260 1 1 33 20 0.000000
12261 1 1 33 21 0.000000
12262 1 1 33 22 0.000000
12263 1 1 33 23 0.000000
12264 1 1 33 24 0.000044
12265 1 1 33 25 0.000000
12266 1 1 33 26 0.000000
12267 1 1 33 27 0.000000
12268 1 1 33 28 0.000000
12269 1 1 33 29 0.000000
12270 1 1 33 30 0.000000
12271 1 1 33 31 0.000000
12276 1 1 33 36 0.000000
12277 1 1 33 37 0.000000
12278 1 1 33 38 0.000000
12279 1 1 33 39 0.000000
12280 1 1 33 40 0.000000
12281 1 1 33 41 0.000000
12282 1 1 33 42 0.000000
12283 1 1 33 43 0.000000
12284 1 1 33 44 0.000015
12285 1 1 33 45 0.000000
12286 1 1 33 46 0.000000
12287 1 1 33 47 0.000000
12288 1 1 33 48 0.000015
12289 1 1 33 49 0.000058
12290 1 1 33 50 0.000044
12291 1 1 33 51 0.000058
12304 1 1 33 64 0.000000
12305 1 1 33 65 0.000000
12306 1 1 33 66 0.000000
12307 1 1 33 67 0.000000
12320 1 1 34 0 0.000000
12321 1 1 34 1 0.000000
12322 1 1 34 2 0.000000
12323 1 1 34 3 0.000000
12328 1 1 34 8 0.000044
12329 1 1 34 9 0.000029
12330 1 1 34 10 0.000015
12331 1 1 34 11 0.000044
12332 1 1 34 12 0.000000
12333 1 1 34 13 0.000000
12334 1 1 34 14 0.000000
12335 1 1 34 15 0.000000
12336 1 1 34 16 0.000000
12337 1 1 34 17 0.000000
12338 1 1 34 18 0.000000
12339 1 1 34 19 0.000000
12340 1 1 34 20 0.000000
12341 1 1 34 21 0.000000
12342 1 1 34 22 0.000000
12343 1 1 34 23 0.000000
12344 1 1 34 24 0.000015
12345 1 1 34 25 0.000015
12346 1 1 34 26 0.000000
12347 1 1 34 27 0.000000
12348 1 1 34 28 0.000000
12349 1 1 34 29 0.000000
12350 1 1 34 30 0.000000
12351 1 1 34 31 0.000000
12356 1 1 34 36 0.000000
12357 1 1 34 37 0.000000
12358 1 1 34 38 0.000000
12359 1 1 34 39 0.000000
12360 1 1 34 40 0.000000
12361 1 1 34 41 0.000000
12362 1 1 34 42 0.000000
12363 1 1 34 43 0.000000
12364 1 1 34 44 0.000015
12365 1 1 34 45 0.000000
12366 1 1 34 46 0.000015
12367 1 1 34 47 0.000000
12368 1 1 34 48 0.000015
12369 1 1 34 49 0.000044
12370 1 1 34 50 0.000058
12371 1 1 34 51 0.000073
12384 1 1 34 64 0.000000
12385 1 1 34 65 0.000000
12386 1 1 34 66 0.000000
12387 1 1 34 67 0.000000
12400 1 1 35 0 0.000000
12401 1 1 35 1 0.000000
12402 1 1 35 2 0.000000
12403 1 1 35 3 0.000000
12408 1 1 35 8 0.000029
12409 1 1 35 9 0.000044
12410 1 1 35 10 0.000000
12411 1 1 35 11 0.000044
12412 1 1 35 12 0.000000
12413 1 1 35 13 0.000000
12414 1 1 35 14 0.000000
12415 1 1 35 15 0.000000
12416 1 1 35 16 0.000000
12417 1 1 35 17 0.000000
12418 1 1 35 18 0.000000
12419 1 1 35 19 0.000000
12420 1 1 35 20 0.000000
12421 1 1 35 21 0.000000
12422 1 1 35 22 0.000000
12423 1 1 35 23 0.000000
12424 1 1 35 24 0.000015
12425 1 1 35 25 0.000015
12426 1 1 35 26 0.000000
12427 1 1 35 27 0.000000
12428 1 1 35 28 0.000000
12429 1 1 35 29 0.000000
12430 1 1 35 30 0.000000
12431 1 1 35 31 0.000000
12436 1 1 35 36 0.000000
12437 1 1 35 37 0.000000
12438 1 1 35 38 0.000000
12439 1 1 35 39 0.000000
12440 1 1 35 40 0.000000
12441 1 1 35 41 0.000000
12442 1 1 35 42 0.000000
12443 1 1 35 43 0.000000
12444 1 1 35 44 0.000015
12445 1 1 35 45 0.000015
12446 1 1 35 46 0.000029
12447 1 1 35 47 0.000015
12448 1 1 35 48 0.000015
12449 1 1 35 49 0.000058
12450 1 1 35 50 0.000087
12451 1 1 35 51 0.000145
12464 1 1 35 64 0.000000
12465 1 1 35 65 0.000000
12466 1 1 35 66 0.000000
12467 1 1 35 67 0.000000
12480 1 1 36 0 0.000000
12481 1 1 36 1 0.000000
12482 1 1 36 2 0.000000
12483 1 1 36 3 0.000000
12484 1 1 36 4 0.000000
12485 1 1 36 5 0.000000
12486 1 1 36 6 0.000029
12487 1 1 36 7 0.000015
12488 1 1 36 8 0.000000
12489 1 1 36 9 0.000000
12490 1 1 36 10 0.000000
12491 1 1 36 11 0.000000
12492 1 1 36 12 0.000000
12493 1 1 36 13 0.000000
12494 1 1 36 14 0.000000
12495 1 1 36 15 0.000000
12496 1 1 36 16 0.000000
12497 1 1 36 17 0.000000
12498 1 1 36 18 0.000000
12499 1 1 36 19 0.000000
12500 1 1 36 20 0.000000
12501 1 1 36 21 0.000000
12502 1 1 36 22 0.000000
12503 1 1 36 23 0.000000
12504 1 1 36 24 0.002633
12508 1 1 36 28 0.000000
12509 1 1 36 29 0.000000
12510 1 1 36 30 0.000000
12511 1 1 36 31 0.000000
12512 1 1 36 32 0.000000
12513 1 1 36 33 0.000000
12514 1 1 36 34 0.000000
12515 1 1 36 35 0.000000
12516 1 1 36 36 0.000000
12517 1 1 36 37 0.000000
12518 1 1 36 38 0.000000
12519 1 1 36 39 0.000000
12520 1 1 36 40 0.000000
12521 1 1 36 41 0.000000
12522 1 1 36 42 0.000044
12523 1 1 36 43 0.000015
12524 1 1 36 44 0.005862
12528 1 1 36 48 0.000000
12536 1 1 36 56 0.000000
12537 1 1 36 57 0.000000
12538 1 1 36 58 0.000000
12539 1 1 36 59 0.000000
12548 1 1 36 68 0.000000
12549 1 1 36 69 0.000000
12550 1 1 36 70 0.000000
12551 1 1 36 71 0.000000
12556 1 1 36 76 0.000000
12557 1 1 36 77 0.000000
12558 1 1 36 78 0.000000
12559 1 1 36 79 0.000000
12560 1 1 37 0 0.000000
12561 1 1 37 1 0.000000
12562 1 1 37 2 0.000000
12563 1 1 37 3 0.000000
12564 1 1 37 4 0.000000
12565 1 1 37 5 0.000000
12566 1 1 37 6 0.000000
12567 1 1 37 7 0.000000
12568 1 1 37 8 0.000000
12569 1 1 37 9 0.000000
12570 1 1 37 10 0.000000
12571 1 1 37 11 0.000000
12572 1 1 37 12 0.000000
12573 1 1 37 13 0.000000
12574 1 1 37 14 0.000000
12575 1 1 37 15 0.000000
12576 1 1 37 16 0.000000
12577 1 1 37 17 0.000000
12578 1 1 37 18 0.000000
12579 1 1 37 19 0.000000
12580 1 1 37 20 0.000000
12581 1 1 37 21 0.000000
12582 1 1 37 22 0.000000
12583 1 1 37 23 0.000000
12584 1 1 37 24 0.009193
12587 1 1 37 27 0.000000
12588 1 1 37 28 0.000000
12589 1 1 37 29 0.000000
12590 1 1 37 30 0.000000
12591 1 1 37 31 0.000000
12592 1 1 37 32 0.000000
12593 1 1 37 33 0.000000
12594 1 1 37 34 0.000000
12595 1 1 37 35 0.000000
12596 1 1 37 36 0.000000
12597 1 1 37 37 0.000000
12598 1 1 37 38 0.000000
12599 1 1 37 39 0.000000
12600 1 1 37 40 0.000000
12601 1 1 37 41 0.000000
12602 1 1 37 42 0.000000
12603 1 1 37 43 0.000000
12612 1 1 37 52 0.000000
12616 1 1 37 56 0.000000
12617 1 1 37 57 0.000000
12618 1 1 37 58 0.000000
12619 1 1 37 59 0.000000
12628 1 1 37 68 0.000000
12629 1 1 37 69 0.000000
12630 1 1 37 70 0.000000
12631 1 1 37 71 0.000000
12636 1 1 37 76 0.000000
12637 1 1 37 77 0.000000
12638 1 1 37 78 0.000000
12639 1 1 37 79 0.000000
12640 1 1 38 0 0.000000
12641 1 1 38 1 0.000000
12642 1 1 38 2 0.000000
12643 1 1 38 3 0.000000
12644 1 1 38 4 0.000000
12645 1 1 38 5 0.000000
12646 1 1 38 6 0.000000
12647 1 1 38 7 0.000000
12648 1 1 38 8 0.000000
12649 1 1 38 9 0.000000
12650 1 1 38 10 0.000000
12651 1 1 38 11 0.000000
12652 1 1 38 12 0.000000
12653 1 1 38 13 0.000000
12654 1 1 38 14 0.000000
12655 1 1 38 15 0.000000
12656 1 1 38 16 0.000000
12657 1 1 38 17 0.000000
12658 1 1 38 18 0.000000
12659 1 1 38 19 0.000000
12660 1 1 38 20 0.000000
12661 1 1 38 21 0.000000
12662 1 1 38 22 0.000000
12663 1 1 38 23 0.000000
12664 1 1 38 24 0.000000
12665 1 1 38 25 0.000000
12666 1 1 38 26 0.000000
12667 1 1 38 27 0.000000
12668 1 1 38 28 0.000000
12669 1 1 38 29 0.000000
12670 1 1 38 30 0.000000
12671 1 1 38 31 0.000000
12672 1 1 38 32 0.000000
12673 1 1 38 33 0.000000
12674 1 1 38 34 0.000000
12675 1 1 38 35 0.000000
12676 1 1 38 36 0.000000
12677 1 1 38 37 0.000000
12678 1 1 38 38 0.000000
12679 1 1 38 39 0.000000
12680 1 1 38 40 0.000000
12681 1 1 38 41 0.000000
12682 1 1 38 42 0.000000
12683 1 1 38 43 0.000000
12684 1 1 38 44 0.000000
12685 1 1 38 45 0.000000
12686 1 1 38 46 0.000000
12687 1 1 38 47 0.000000
12688 1 1 38 48 0.000000
12689 1 1 38 49 0.000000
12690 1 1 38 50 0.000000
12691 1 1 38 51 0.000000
12692 1 1 38 52 0.000000
12693 1 1 38 53 0.000000
12694 1 1 38 54 0.000000
12695 1 1 38 55 0.000000
12696 1 1 38 56 0.000000
12697 1 1 38 57 0.000000
12698 1 1 38 58 0.000000
12699 1 1 38 59 0.000000
12700 1 1 38 60 0.000000
12701 1 1 38 61 0.000000
12702 1 1 38 62 0.000000
12703 1 1 38 63 0.000000
12704 1 1 38 64 0.000000
12705 1 1 38 65 0.000000
12706 1 1 38 66 0.000000
12707 1 1 38 67 0.000000
12708 1 1 38 68 0.000000
12709 1 1 38 69 0.000000
12710 1 1 38 70 0.000000
12711 1 1 38 71 0.000000
12712 1 1 38 72 0.000000
12713 1 1 38 73 0.000000
12714 1 1 38 74 0.000000
12715 1 1 38 75 0.000000
12716 1 1 38 76 0.000000
12717 1 1 38 77 0.000000
12718 1 1 38 78 0.000000
12719 1 1 38 79 0.000000
12720 1 1 39 0 0.000000
12721 1 1 39 1 0.000000
12722 1 1 39 2 0.000000
12723 1 1 39 3 0.000000
12724 1 1 39 4 0.000000
12725 1 1 39 5 0.000000
12726 1 1 39 6 0.000000
12727 1 1 39 7 0.000000
12728 1 1 39 8 0.000000
12729 1 1 39 9 0.000000
12730 1 1 39 10 0.000000
12731 1 1 39 11 0.000000
12732 1 1 39 12 0.000000
12733 1 1 39 13 0.000000
12734 1 1 39 14 0.000000
12735 1 1 39 15 0.000000
12736 1 1 39 16 0.000000
12737 1 1 39 17 0.000000
12738 1 1 39 18 0.000000
12739 1 1 39 19 0.000000
12740 1 1 39 20 0.000000
12741 1 1 39 21 0.000000
12742 1 1 39 22 0.000000
12743 1 1 39 23 0.000000
12744 1 1 39 24 0.000000
12745 1 1 39 25 0.000000
12746 1 1 39 26 0.000000
12747 1 1 39 27 0.000000
12748 1 1 39 28 0.000000
12749 1 1 39 29 0.000000
12750 1 1 39 30 0.000000
12751 1 1 39 31 0.000000
12752 1 1 39 32 0.000000
12753 1 1 39 33 0.000000
12754 1 1 39 34 0.000000
12755 1 1 39 35 0.000000
12756 1 1 39 36 0.000000
12757 1 1 39 37 0.000000
12758 1 1 39 38 0.000000
12759 1 1 39 39 0.000000
12760 1 1 39 40 0.000000
12761 1 1 39 41 0.000000
12762 1 1 39 42 0.000000
12763 1 1 39 43 0.000000
12764 1 1 39 44 0.000000
12765 1 1 39 45 0.000000
12766 1 1 39 46 0.000000
12767 1 1 39 47 0.000000
12768 1 1 39 48 0.000000
12769 1 1 39 49 0.000000
12770 1 1 39 50 0.000000
12771 1 1 39 51 0.000000
12772 1 1 39 52 0.000000
12773 1 1 39 53 0.000000
12774 1 1 39 54 0.000000
12775 1 1 39 55 0.000000
12776 1 1 39 56 0.000000
12777 1 1 39 57 0.000000
12778 1 1 39 58 0.000000
12779 1 1 39 59 0.000000
12780 1 1 39 60 0.000000
12781 1 1 39 61 0.000000
12782 1 1 39 62 0.000000
12783 1 1 39 63 0.000000
12784 1 1 39 64 0.000000
12785 1 1 39 65 0.000000
12786 1 1 39 66 0.000000
12787 1 1 39 67 0.000000
12788 1 1 39 68 0.000000
12789 1 1 39 69 0.000000
12790 1 1 39 70 0.000000
12791 1 1 39 71 0.000000
12792 1 1 39 72 0.000000
12793 1 1 39 73 0.000000
12794 1 1 39 74 0.000000
12795 1 1 39 75 0.000000
12796 1 1 39 76 0.000000
12797 1 1 39 77 0.000000
12798 1 1 39 78 0.000000
12799 1 1 39 79 0.000000
