
0 2 1 0 0
0 2 1 0 1
0 2 1 1 0
0 2 1 1 1
0 5 0 0 0
0 5 0 0 1
0 5 0 1 0
0 5 0 1 1
0 7 4 0 0
0 7 4 0 1
0 7 4 1 0
0 7 4 1 1
0 10 2 0 0
0 10 2 0 1
0 10 2 1 0
0 10 2 1 1
0 12 2 0 0
0 12 2 0 1
0 12 2 1 0
0 12 2 1 1
0 13 3 0 0
0 13 3 0 1
0 13 3 1 0
0 13 3 1 1
0 14 0 1 0
0 14 0 1 1
0 15 0 0 0
0 15 0 0 1
0 15 0 1 0
0 15 0 1 1
0 15 1 1 0
0 15 1 1 1
0 15 4 1 0
0 15 4 1 1
1 0 0 0 0
1 0 0 0 1
1 0 0 1 0
1 0 0 1 1
1 0 5 0 0
1 0 5 0 1
1 0 5 1 0
1 0 5 1 1
1 1 4 0 0
1 1 4 0 1
1 1 4 1 0
1 1 4 1 1
1 2 4 1 0
1 2 4 1 1
1 2 5 1 0
1 2 5 1 1
1 3 2 0 0
1 3 2 0 1
1 3 2 1 0
1 3 2 1 1
1 5 3 0 0
1 5 3 0 1
1 5 3 1 0
1 5 3 1 1
1 9 4 0 0
1 9 4 0 1
1 9 4 1 0
1 9 4 1 1
1 9 5 0 0
1 9 5 0 1
1 9 5 1 0
1 9 5 1 1
1 10 0 0 0
1 10 0 0 1
1 10 0 1 0
1 10 0 1 1
1 10 1 0 0
1 10 1 0 1
1 10 1 1 0
1 10 1 1 1
1 10 2 0 0
1 10 2 0 1
1 10 2 1 0
1 10 2 1 1
1 10 3 0 0
1 10 3 0 1
1 10 3 1 0
1 10 3 1 1
1 10 4 0 0
1 10 4 0 1
1 10 4 1 0
1 10 4 1 1
1 10 5 0 0
1 10 5 0 1
1 10 5 1 0
1 10 5 1 1
1 12 3 0 0
1 12 3 0 1
1 12 3 1 0
1 12 3 1 1
1 12 5 0 0
1 12 5 0 1
1 12 5 1 0
1 12 5 1 1
1 13 0 0 0
1 13 0 0 1
1 13 0 1 0
1 13 0 1 1
1 13 1 0 0
1 13 1 0 1
1 13 1 1 0
1 13 1 1 1
1 13 3 0 0
1 13 3 0 1
1 13 3 1 0
1 13 3 1 1
1 13 4 0 0
1 13 4 0 1
1 13 4 1 0
1 13 4 1 1
1 14 3 0 0
1 14 3 0 1
1 14 3 1 0
1 14 3 1 1
1 14 5 0 0
1 14 5 0 1
1 15 0 0 0
1 15 0 0 1
1 15 0 1 0
1 15 0 1 1
1 16 0 0 0
1 16 0 0 1
1 16 0 1 0
1 16 0 1 1
1 16 1 0 0
1 16 1 0 1
1 16 1 1 0
1 16 1 1 1
1 16 2 0 0
1 16 2 0 1
1 16 2 1 0
1 16 2 1 1
1 16 3 0 0
1 16 3 0 1
1 16 3 1 0
1 16 3 1 1
1 16 4 0 0
1 16 4 0 1
1 16 4 1 0
1 16 4 1 1
1 16 5 0 0
1 16 5 0 1
1 16 5 1 0
1 16 5 1 1
1 17 2 0 0
1 17 2 0 1
1 17 2 1 0
1 17 2 1 1
1 17 5 0 0
1 17 5 0 1
1 17 5 1 0
1 17 5 1 1
1 18 2 0 0
1 18 2 0 1
1 18 2 1 0
1 18 2 1 1
1 19 2 0 0
1 19 2 0 1
1 19 2 1 0
1 19 2 1 1
1 19 5 0 0
1 19 5 0 1
1 19 5 1 0
1 19 5 1 1
1 20 0 0 0
1 20 0 0 1
1 20 0 1 0
1 20 0 1 1
1 20 1 0 0
1 20 1 0 1
1 20 1 1 0
1 20 1 1 1
1 20 2 0 0
1 20 2 0 1
1 20 2 1 0
1 20 2 1 1
1 20 3 0 0
1 20 3 0 1
1 20 3 1 0
1 20 3 1 1
1 20 4 0 0
1 20 4 0 1
1 20 4 1 0
1 20 4 1 1
1 20 5 0 0
1 20 5 0 1
1 20 5 1 0
1 20 5 1 1
1 21 0 0 0
1 21 0 0 1
1 21 0 1 0
1 21 0 1 1
1 21 1 0 0
1 21 1 0 1
1 21 1 1 0
1 21 1 1 1
1 21 2 0 0
1 21 2 0 1
1 21 2 1 0
1 21 2 1 1
1 21 3 0 0
1 21 3 0 1
1 21 3 1 0
1 21 3 1 1
1 21 4 0 0
1 21 4 0 1
1 21 4 1 0
1 21 4 1 1
1 21 5 0 0
1 21 5 0 1
1 21 5 1 0
1 21 5 1 1
1 22 5 0 0
1 22 5 0 1
1 22 5 1 0
1 22 5 1 1
1 23 0 0 0
1 23 0 0 1
1 23 0 1 0
1 23 0 1 1
1 23 1 0 0
1 23 1 0 1
1 23 1 1 0
1 23 1 1 1
1 23 2 0 0
1 23 2 0 1
1 23 2 1 0
1 23 2 1 1
1 23 3 0 0
1 23 3 0 1
1 23 3 1 0
1 23 3 1 1
1 23 4 0 0
1 23 4 0 1
1 23 4 1 0
1 23 4 1 1
1 23 5 0 0
1 23 5 0 1
1 23 5 1 0
1 23 5 1 1
