0 11
1 12
2 13
3 14
4 115
5 116
6 9
7 10
8 111
9 112
10 113
11 114
12 2
13 3
14 4
15 5
16 109
17 110
18 0
19 1
20 6
21 7
22 8
23 108
24 26
25 126
26 127
27 128
28 22
29 23
30 24
31 25
32 18
33 19
34 20
35 21
36 17
37 117
38 118
39 119
40 124
41 125
42 15
43 16
44 120
45 121
46 122
47 123
48 140
49 141
50 142
51 143
52 136
53 137
54 138
55 139
56 33
57 34
58 35
59 135
60 131
61 132
62 133
63 134
64 31
65 32
66 129
67 130
68 27
69 28
70 29
71 30
144 47
145 48
146 49
147 50
148 151
149 152
150 45
151 46
152 147
153 148
154 149
155 150
156 38
157 39
158 40
159 41
160 145
161 146
162 36
163 37
164 42
165 43
166 44
167 144
168 62
169 162
170 163
171 164
172 58
173 59
174 60
175 61
176 54
177 55
178 56
179 57
180 53
181 153
182 154
183 155
184 160
185 161
186 51
187 52
188 156
189 157
190 158
191 159
192 176
193 177
194 178
195 179
196 172
197 173
198 174
199 175
200 69
201 70
202 71
203 171
204 167
205 168
206 169
207 170
208 67
209 68
210 165
211 166
212 63
213 64
214 65
215 66
288 83
289 84
290 85
291 86
292 187
293 188
294 81
295 82
296 183
297 184
298 185
299 186
300 74
301 75
302 76
303 77
304 181
305 182
306 72
307 73
308 78
309 79
310 80
311 180
312 98
313 198
314 199
315 200
316 94
317 95
318 96
319 97
320 90
321 91
322 92
323 93
324 89
325 189
326 190
327 191
328 196
329 197
330 87
331 88
332 192
333 193
334 194
335 195
336 212
337 213
338 214
339 215
340 208
341 209
342 210
343 211
344 105
345 106
346 107
347 207
348 203
349 204
350 205
351 206
352 103
353 104
354 201
355 202
356 99
357 100
358 101
359 102
